0.000000 -0.000000 0.000000 0.000000
-0.140643 2.574964 -0.029135 2.107150
-0.281220 5.148987 -0.093727 4.353148
-0.421837 7.724036 -0.198483 6.719512
-0.562431 10.298960 -0.323301 9.169385
-0.701879 12.869650 -0.455902 11.696770
-0.854664 15.479570 -0.623372 14.317430
-1.011589 18.173180 -0.798380 17.004910
-1.171840 20.913680 -0.983366 19.734330
-1.334841 23.709530 -1.177953 22.517720
-1.487044 26.544710 -1.355743 25.346230
-1.633363 29.422930 -1.530547 28.232210
-1.768976 32.357140 -1.690466 31.170510
-1.929780 35.330970 -1.880578 34.134810
-2.126953 38.471510 -2.094472 37.157970
-2.329940 41.561110 -2.321406 40.167080
-2.535885 44.597900 -2.539989 43.159020
-2.728914 47.592750 -2.755449 46.131580
-2.937935 50.537730 -2.986339 49.046040
-3.130185 53.464980 -3.202410 51.956150
-3.310922 56.350390 -3.410995 54.832660
-3.511313 59.225400 -3.626825 57.692220
-3.703384 62.006320 -3.864419 60.475300
-3.912602 64.697860 -4.112012 63.161000
-4.114442 67.264550 -4.348838 65.739100
-4.313021 69.714240 -4.585799 68.185520
-4.514875 72.037350 -4.830438 70.499680
-4.709494 74.175390 -5.056573 72.635740
-4.891889 76.138280 -5.271451 74.592340
-5.039038 77.925340 -5.445691 76.379510
-5.159772 79.592300 -5.592078 78.037110
-5.235209 81.135380 -5.680835 79.575380
-5.207469 82.555940 -5.659595 81.009070
-5.029560 83.885300 -5.486213 82.339960
-4.680938 85.118200 -5.137472 83.586260
-4.130089 86.200010 -4.592936 84.678540
-3.393066 87.095580 -3.855866 85.591660
-2.508137 87.820100 -2.979695 86.325520
-1.511055 88.343490 -1.979738 86.895070
-0.450022 88.747950 -0.942271 87.297920
0.676345 89.023150 0.145115 87.553220
1.832910 89.277150 1.283476 87.798550
3.089762 89.418990 2.519330 87.945120
4.475771 89.556060 3.884015 88.090800
5.974572 89.621010 5.371529 88.180000
7.614093 89.671530 7.013974 88.257000
9.420230 89.707860 8.831066 88.313190
11.388370 89.721450 10.812960 88.359080
13.505010 89.738680 12.947260 88.423430
15.773680 89.805260 15.222350 88.526680
18.156510 89.929480 17.629650 88.685810
20.581930 90.082780 20.067460 88.866850
23.034320 90.227690 22.535570 89.040350
25.478370 90.365000 24.998280 89.212920
27.909920 90.499220 27.461660 89.390120
30.340320 90.588890 29.899580 89.508680
32.740690 90.598330 32.305400 89.554600
35.110390 90.529620 34.681330 89.519260
37.430830 90.386730 37.015820 89.410190
39.683630 90.176290 39.284590 89.233330
41.863240 89.910310 41.471670 89.001360
43.959460 89.634420 43.567060 88.756430
45.922800 89.378560 45.547190 88.534330
47.726310 89.193250 47.363000 88.376130
49.366470 89.121130 49.012920 88.323980
50.939410 89.191540 50.590870 88.414930
52.464070 89.450930 52.110680 88.701290
53.889450 89.945260 53.522940 89.231650
55.133190 90.660970 54.753220 89.981090
56.158450 91.620300 55.769280 90.967160
56.967930 92.764920 56.567530 92.116920
57.539920 94.061200 57.128130 93.412130
57.927200 95.446880 57.510270 94.775330
58.277310 96.884370 57.851750 96.211590
58.589460 98.403450 58.143200 97.737340
58.940360 100.002400 58.472520 99.335040
59.343230 101.692600 58.860480 101.038200
59.798800 103.499800 59.296970 102.851600
60.309140 105.392300 59.783640 104.748400
60.819120 107.363700 60.271820 106.736200
61.355080 109.477800 60.790570 108.859400
61.874140 111.669200 61.281020 111.066700
62.417580 113.964900 61.800470 113.373200
62.973720 116.373200 62.325860 115.767900
63.512460 118.836400 62.830330 118.218600
64.057360 121.342700 63.344740 120.720500
64.655860 123.876700 63.917590 123.225600
65.262090 126.422600 64.511180 125.733000
65.864770 128.941000 65.086580 128.240400
66.510510 131.382800 65.684510 130.705000
67.135460 133.867500 66.261150 133.188400
67.748220 136.262500 66.803210 135.610300
68.311480 138.668800 67.328620 138.036700
68.830800 141.066900 67.800940 140.451900
69.359830 143.451000 68.285580 142.835400
69.844620 145.829800 68.746950 145.203400
70.257380 148.240700 69.143480 147.571900
70.634070 150.615300 69.503650 149.944200
70.952630 153.048800 69.800700 152.373900
71.236680 155.482600 70.046600 154.824100
71.430750 157.958600 70.229190 157.306400
71.592060 160.420500 70.372310 159.776000
71.705560 162.889100 70.479430 162.249500
71.811250 165.386800 70.580570 164.721100
71.901490 167.846500 70.649850 167.180800
71.944200 170.358200 70.677780 169.676400
71.944230 172.867000 70.658350 172.174700
71.880770 175.411200 70.575330 174.720600
71.759300 177.947700 70.438260 177.259400
71.629380 180.489300 70.287850 179.787100
71.495820 183.069400 70.140150 182.350200
71.389860 185.611000 70.005900 184.893400
71.229200 188.181800 69.820900 187.450300
71.075770 190.694700 69.632410 189.977100
70.908190 193.208300 69.437970 192.472000
70.732240 195.676300 69.247110 194.907800
70.587330 197.902600 69.057230 197.340300
70.462020 200.022200 68.883130 199.592300
70.336670 202.141700 68.721250 201.694400
70.211280 204.261000 68.591440 203.716800
70.085900 206.379000 68.489980 205.696800
69.986060 208.445300 68.444070 207.640900
70.007780 210.375700 68.468270 209.579300
70.026080 212.295900 68.472710 211.492800
70.017620 214.252400 68.465630 213.442600
70.013230 216.217200 68.452780 215.408700
69.972110 218.270700 68.417120 217.441300
69.934360 220.317400 68.373660 219.498100
69.972850 222.305500 68.327790 221.598300
69.981630 224.353700 68.275540 223.703100
69.981870 226.399100 68.219550 225.794700
69.949190 228.454500 68.143200 227.881900
69.907170 230.454300 68.064340 229.914700
69.859830 232.418200 67.989640 231.886400
69.810200 234.247600 67.908930 233.730200
69.754960 235.896800 67.826060 235.405900
69.602960 237.437200 67.642560 236.955600
69.315000 238.920100 67.329630 238.424400
68.846420 240.276600 66.825250 239.769000
68.166090 241.479400 66.121020 240.946600
67.318270 242.492800 65.252360 241.935800
66.332240 243.344200 64.258240 242.742700
65.260110 243.991900 63.177620 243.351100
64.140300 244.474300 62.051190 243.792300
62.867510 244.772700 60.782500 244.061600
61.458940 244.926000 59.382010 244.188500
59.947420 244.952000 57.878090 244.190100
58.335370 244.902100 56.264140 244.101800
56.595980 244.824000 54.505820 243.986500
54.694040 244.743800 52.599250 243.862600
52.650420 244.604800 50.513650 243.747000
50.451970 244.390700 48.232470 243.619000
48.058070 244.235000 45.762730 243.505400
45.515050 244.100900 43.144780 243.390900
42.921790 243.969200 40.491460 243.273000
40.316590 243.840300 37.845940 243.150400
37.706940 243.722400 35.200600 243.005400
35.094890 243.629800 32.577910 242.829100
32.472950 243.489000 29.979130 242.631100
29.851950 243.348200 27.400270 242.437200
27.264200 243.258500 24.843000 242.268400
24.724050 243.174900 22.331480 242.138800
22.210390 243.091000 19.851600 242.011800
19.736330 242.979500 17.393970 241.860300
17.311070 242.850400 14.962430 241.689100
14.901790 242.682800 12.569130 241.483500
12.542000 242.455300 10.217670 241.238500
10.258080 242.218100 7.931357 240.985700
8.077281 241.997300 5.756922 240.748000
6.032146 241.805400 3.711403 240.541300
4.114420 241.647100 1.793632 240.368300
2.325909 241.523700 -0.003981 240.233000
0.684853 241.422100 -1.649930 240.122300
-0.804697 241.361800 -3.132251 240.052700
-2.147061 241.322400 -4.464981 240.003100
-3.335045 241.321100 -5.644996 239.990400
-4.362696 241.347700 -6.672802 240.003600
-5.195608 241.375100 -7.489966 240.030600
-5.787975 241.411000 -8.079620 240.064400
-6.148943 241.435700 -8.435283 240.080200
-6.347609 241.453500 -8.615515 240.094200
-6.441034 241.457400 -8.703770 240.096500
-6.441440 241.456100 -8.695762 240.095200
-6.439927 241.462600 -8.688211 240.097800
-6.440440 241.482800 -8.691572 240.099800
-6.480607 241.498100 -8.731336 240.098100
-6.560264 241.507700 -8.803261 240.105600
-6.742488 241.516100 -8.973063 240.117500
-7.099251 241.541700 -9.310782 240.146800
-7.627305 241.597900 -9.824393 240.202700
-8.293171 241.705000 -10.487440 240.312400
-9.050632 241.890800 -11.245610 240.497400
-9.863606 242.207700 -12.049640 240.821400
-10.727660 242.661600 -12.894910 241.272900
-11.566170 243.294100 -13.725140 241.912900
-12.317670 244.121800 -14.471700 242.755300
-12.969870 245.164100 -15.127560 243.827300
-13.469580 246.441200 -15.627610 245.120100
-13.828110 247.877300 -16.001360 246.617900
-14.057520 249.558000 -16.233010 248.286500
-14.176210 251.405900 -16.362720 250.114300
-14.264690 253.405000 -16.457030 252.091200
-14.328890 255.544200 -16.527580 254.218300
-14.399650 257.837600 -16.596450 256.482800
-14.471380 260.263200 -16.674930 258.884800
-14.561590 262.807800 -16.783300 261.407400
-14.652820 265.491700 -16.877080 264.062100
-14.739760 268.254400 -16.975930 266.804000
-14.858340 271.134800 -17.106050 269.656200
-14.973530 274.134700 -17.236560 272.640100
-15.069550 277.175700 -17.363210 275.680400
-15.175210 280.293600 -17.494460 278.813100
-15.297230 283.446400 -17.646180 281.968400
-15.436590 286.619600 -17.820870 285.147800
-15.585790 289.810900 -18.014950 288.323200
-15.736240 292.959600 -18.209010 291.452700
-15.885310 296.071900 -18.400680 294.573100
-16.046970 299.165600 -18.595230 297.673600
-16.219660 302.246300 -18.788480 300.751600
-16.389710 305.314100 -18.983690 303.813900
-16.559690 308.378300 -19.175800 306.871900
-16.709350 311.458900 -19.352080 309.957400
-16.839300 314.563300 -19.533040 313.068700
-16.972270 317.709200 -19.706060 316.210300
-17.118400 320.893100 -19.878860 319.398100
-17.281700 324.127200 -20.048660 322.631800
-17.454380 327.375400 -20.215140 325.873600
-17.614190 330.593900 -20.376080 329.095800
-17.775860 333.802500 -20.531860 332.306300
-17.959610 336.995200 -20.684190 335.478300
-18.128440 340.134300 -20.839900 338.602900
-18.295640 343.191900 -21.000760 341.658500
-18.453080 346.169000 -21.164420 344.636200
-18.632610 349.056200 -21.345410 347.509900
-18.817710 351.841100 -21.527310 350.289500
-18.986450 354.488400 -21.699720 352.933700
-19.124870 356.982400 -21.844010 355.436200
-19.220930 359.289500 -21.959510 357.743500
-19.310450 361.377700 -22.061450 359.848300
-19.390050 363.254000 -22.145730 361.747100
-19.458340 364.945900 -22.221810 363.445600
-19.552440 366.417400 -22.322890 364.946400
-19.716910 367.755600 -22.482600 366.307500
-19.992010 369.044200 -22.749050 367.602700
-20.413100 370.267200 -23.154270 368.797500
-20.994480 371.390500 -23.733630 369.885900
-21.767920 372.412000 -24.505620 370.879500
-22.740410 373.381300 -25.479280 371.798700
-23.931400 374.199500 -26.685220 372.600300
-25.311900 374.775400 -28.070130 373.143300
-26.849130 375.102700 -29.608520 373.428600
-28.541320 375.088500 -31.289550 373.401200
-30.331610 374.930400 -33.062010 373.241100
-32.178580 374.714400 -34.896520 373.019200
-34.124600 374.519300 -36.838420 372.818100
-36.192510 374.312000 -38.894080 372.604700
-38.360350 374.089000 -41.058940 372.378800
-40.674090 373.890900 -43.370890 372.177400
-43.125350 373.717400 -45.818020 371.998000
-45.733890 373.570600 -48.416280 371.842200
-48.422050 373.450300 -51.107310 371.703800
-51.153580 373.336900 -53.835810 371.570900
-53.919190 373.217300 -56.602760 371.438100
-56.668140 373.082400 -59.354220 371.282000
-59.399580 372.949600 -62.086670 371.127200
-62.128270 372.797100 -64.804690 370.952300
-64.827270 372.599800 -67.516660 370.731400
-67.509200 372.402100 -70.212600 370.511100
-70.186170 372.208700 -72.892020 370.286100
-72.845340 372.028400 -75.555700 370.076900
-75.495320 371.886100 -78.213270 369.912900
-78.116050 371.787300 -80.852450 369.795600
-80.717850 371.718500 -83.469740 369.720500
-83.311780 371.694800 -86.074970 369.682100
-85.842710 371.709900 -88.609030 369.680700
-88.215690 371.734100 -90.990890 369.693400
-90.402660 371.755300 -93.187980 369.702000
-92.376860 371.747200 -95.162370 369.683900
-94.181170 371.700000 -96.977330 369.628900
-95.954170 371.610100 -98.753470 369.525800
-97.692900 371.484000 -100.499000 369.386200
-99.428840 371.332400 -102.237300 369.218900
-101.212400 371.150100 -104.026800 369.022800
-103.049100 370.929900 -105.867300 368.789900
-104.963700 370.712900 -107.785900 368.555700
-106.999900 370.469800 -109.821000 368.305600
-109.147400 370.218500 -111.961000 368.051500
-111.413900 369.990500 -114.219700 367.815100
-113.850400 369.787500 -116.644900 367.607500
-116.381500 369.587900 -119.170000 367.392800
-119.079000 369.402000 -121.850800 367.209200
-121.870500 369.312400 -124.648000 367.112400
-124.798000 369.251000 -127.549000 367.074800
-127.749200 369.222000 -130.500100 367.055200
-130.738100 369.191300 -133.477900 367.030600
-133.724900 369.151000 -136.455500 366.980300
-136.693200 369.116700 -139.423900 366.918900
-139.640200 369.026200 -142.368400 366.804300
-142.545400 368.909400 -145.282500 366.678800
-145.452900 368.800400 -148.196400 366.544600
-148.326000 368.653700 -151.084700 366.368700
-151.184500 368.483700 -153.941300 366.181800
-154.029500 368.306700 -156.776400 365.985500
-156.834000 368.110800 -159.573300 365.774300
-159.601600 367.929800 -162.341700 365.584900
-162.352900 367.769700 -165.079500 365.422100
-165.025300 367.622800 -167.740500 365.270800
-167.587100 367.473600 -170.294300 365.123400
-169.989700 367.347100 -172.683600 365.007900
-172.229800 367.237400 -174.916800 364.909700
-174.255000 367.118500 -176.946600 364.777000
-176.113500 366.976300 -178.805900 364.629400
-177.851600 366.825100 -180.564600 364.475400
-179.482200 366.619100 -182.203000 364.255300
-181.041000 366.257200 -183.757100 363.882900
-182.506900 365.700900 -185.208800 363.313500
-183.830900 364.922700 -186.499500 362.522100
-184.967900 363.901900 -187.612300 361.490600
-185.900600 362.645300 -188.510100 360.228900
-186.575700 361.163300 -189.164700 358.738500
-186.999600 359.497900 -189.570400 357.102000
-187.152300 357.675600 -189.729700 355.335400
-187.206000 355.773500 -189.783700 353.418400
-187.197400 353.800900 -189.776300 351.417900
-187.078300 351.712900 -189.667900 349.309500
-186.904300 349.515700 -189.504900 347.089300
-186.700200 347.199500 -189.310200 344.761700
-186.441500 344.761700 -189.060200 342.325800
-186.138100 342.245600 -188.775400 339.768200
-185.836200 339.600700 -188.491100 337.092000
-185.558800 336.870000 -188.210800 334.330200
-185.300200 334.088400 -187.957000 331.538700
-185.053400 331.295700 -187.723100 328.741300
-184.825700 328.513100 -187.501100 325.944100
-184.626700 325.706700 -187.308400 323.147900
-184.418100 322.895600 -187.107800 320.342000
-184.219300 320.049800 -186.923500 317.501400
-184.077900 317.187100 -186.796700 314.653200
-183.933200 314.300800 -186.658900 311.775400
-183.761600 311.460200 -186.500900 308.933300
-183.601800 308.616200 -186.353900 306.099700
-183.458100 305.794900 -186.214500 303.283700
-183.343100 303.000200 -186.100400 300.490900
-183.261300 300.211900 -186.004500 297.695100
-183.178800 297.450000 -185.909600 294.923400
-183.090500 294.684900 -185.810000 292.137700
-182.927300 291.908300 -185.636400 289.334500
-182.766600 289.099200 -185.472900 286.493600
-182.613800 286.267300 -185.312800 283.639900
-182.441900 283.385600 -185.141500 280.757500
-182.300400 280.490600 -184.998900 277.850800
-182.149900 277.557000 -184.873500 274.900200
-182.001400 274.627800 -184.742000 271.947600
-181.823500 271.689000 -184.583900 268.989800
-181.638500 268.767800 -184.415100 266.039300
-181.424600 265.787800 -184.222500 263.067800
-181.219800 262.838200 -184.020500 260.087700
-181.009300 259.844900 -183.817500 257.077300
-180.770400 256.828000 -183.584200 254.044000
-180.561000 253.860400 -183.378200 251.056500
-180.372700 250.908200 -183.195800 248.084200
-180.191000 247.979500 -183.024100 245.144100
-180.025600 245.104800 -182.865900 242.261400
-179.890000 242.301100 -182.734900 239.453400
-179.765100 239.629200 -182.612400 236.762500
-179.603400 237.077700 -182.454200 234.188100
-179.486600 234.610600 -182.347300 231.699100
-179.426200 232.293500 -182.285200 229.369400
-179.384800 230.153000 -182.244300 227.207500
-179.372900 228.203000 -182.226600 225.244200
-179.353200 226.445600 -182.200100 223.461100
-179.284500 224.889700 -182.125100 221.891100
-179.159500 223.520400 -181.990700 220.499700
-178.892900 222.222300 -181.714100 219.182600
-178.440800 221.019500 -181.254100 217.975500
-177.799300 219.912400 -180.618600 216.872900
-176.993100 218.868700 -179.782800 215.794600
-175.953700 217.908600 -178.707300 214.771400
-174.646400 217.098800 -177.378100 213.907100
-173.037500 216.423500 -175.847300 213.221100
-171.242400 215.987700 -174.079800 212.778200
-169.251700 215.748100 -172.150500 212.531300
-167.160900 215.651300 -170.104000 212.427900
-164.983800 215.579200 -167.946100 212.377700
-162.753200 215.542200 -165.739800 212.348600
-160.419600 215.517400 -163.430500 212.342000
-157.986900 215.494400 -161.026800 212.345600
-155.493900 215.476600 -158.561200 212.369100
-152.924600 215.528800 -156.006600 212.418100
-150.250300 215.556200 -153.359900 212.457600
-147.567100 215.656900 -150.665600 212.517800
-144.855900 215.751900 -147.960700 212.633000
-142.145800 215.896800 -145.264100 212.793400
-139.455100 216.087400 -142.575200 213.001400
-136.768400 216.330800 -139.897300 213.249800
-134.103700 216.562300 -137.247400 213.486000
-131.505400 216.803000 -134.654600 213.723900
-128.992800 217.018200 -132.137600 213.918900
-126.584900 217.191000 -129.750800 214.093300
-124.357100 217.330100 -127.509200 214.223400
-122.326100 217.418900 -125.467200 214.286000
-120.463500 217.466200 -123.586200 214.312600
-118.653600 217.497200 -121.755400 214.305400
-116.849600 217.495900 -119.948100 214.277700
-115.067800 217.514000 -118.161600 214.256200
-113.324000 217.535300 -116.407000 214.244300
-111.616000 217.623100 -114.682800 214.308600
-109.927700 217.875300 -112.981000 214.512700
-108.290900 218.301300 -111.341600 214.887700
-106.749500 218.945400 -109.794600 215.490200
-105.349200 219.793800 -108.363400 216.298700
-104.115500 220.834900 -107.125500 217.302800
-103.036000 222.051200 -106.053500 218.487500
-102.179100 223.400100 -105.201300 219.819100
-101.543200 224.848700 -104.557700 221.249600
-101.115700 226.383800 -104.119900 222.742000
-100.830600 227.968600 -103.811300 224.260700
-100.531100 229.501100 -103.491400 225.772400
-100.252100 231.017900 -103.173800 227.252200
-99.883990 232.463500 -102.763300 228.651000
-99.425550 233.824100 -102.245500 229.938100
-98.775880 234.872900 -101.558100 230.967900
-98.086100 235.806300 -100.806300 231.855500
-97.174270 236.468700 -99.894560 232.526400
-96.254150 236.931100 -98.896410 233.008000
-95.283150 237.358800 -97.868100 233.384200
-94.185080 237.674800 -96.697190 233.643200
-92.955310 237.898800 -95.399650 233.828700
-91.596850 238.102700 -94.022140 234.003600
-90.074690 238.248300 -92.440590 234.116400
-88.387450 238.391700 -90.728380 234.223300
-86.486290 238.540100 -88.853430 234.351200
-84.443490 238.650800 -86.824640 234.471600
-82.253860 238.746800 -84.647960 234.594500
-79.940140 238.872300 -82.360620 234.702000
-77.539590 239.011100 -79.991030 234.786400
-75.087440 239.150700 -77.548720 234.860300
-72.574930 239.313900 -75.039160 234.933600
-69.991910 239.446400 -72.458590 234.994700
-67.351620 239.548800 -69.819570 235.053600
-64.666360 239.657700 -67.165400 235.149700
-61.998030 239.808800 -64.515890 235.275800
-59.311750 239.952600 -61.882580 235.415200
-56.701950 240.109100 -59.307090 235.552300
-54.151130 240.267600 -56.757780 235.685400
-51.625940 240.427100 -54.231980 235.822400
-49.127390 240.564300 -51.758270 235.955700
-46.665870 240.712700 -49.314090 236.108000
-44.240570 240.886300 -46.901140 236.261300
-41.878960 241.088900 -44.537170 236.419500
-39.649020 241.312800 -42.291430 236.589100
-37.552430 241.539400 -40.182470 236.761500
-35.488740 241.743100 -38.104030 236.925100
-33.456700 241.939000 -36.066610 237.064000
-31.533090 242.124800 -34.126760 237.179600
-29.764560 242.287900 -32.344080 237.278200
-28.172420 242.408100 -30.744630 237.338200
-26.747170 242.468900 -29.307800 237.351500
-25.460260 242.473300 -28.016340 237.321000
-24.318710 242.437400 -26.879450 237.261600
-23.324200 242.322300 -25.891510 237.152200
-22.483780 242.186900 -25.062420 237.022800
-21.843230 242.069500 -24.430480 236.910300
-21.357270 241.937100 -23.948810 236.772500
-20.874950 241.791000 -23.479280 236.605000
-20.410090 241.641000 -23.020260 236.440700
-19.938580 241.453200 -22.543310 236.236000
-19.330890 241.150500 -21.946320 235.920400
-18.603550 240.674100 -21.244830 235.434300
-17.817550 240.000300 -20.468390 234.759400
-17.047940 239.130000 -19.716900 233.866800
-16.371440 238.041100 -19.064000 232.732400
-15.819140 236.731500 -18.553460 231.380800
-15.431720 235.164300 -18.207010 229.790700
-15.160930 233.366900 -17.973740 227.982200
-14.985430 231.359800 -17.833960 225.983500
-14.879450 229.166100 -17.771970 223.790000
-14.834570 226.783800 -17.761230 221.421200
-14.805910 224.227300 -17.759330 218.874300
-14.776150 221.503700 -17.747110 216.159400
-14.726190 218.625200 -17.727030 213.284300
-14.646810 215.602400 -17.680680 210.274600
-14.509690 212.459600 -17.578860 207.135900
-14.353480 209.201300 -17.460720 203.888300
-14.179740 205.869600 -17.322170 200.571400
-13.962380 202.478800 -17.145600 197.188600
-13.739120 199.045100 -16.964360 193.775900
-13.514930 195.572200 -16.779000 190.307300
-13.275440 192.054900 -16.590530 186.799000
-13.052000 188.499600 -16.419960 183.241300
-12.854570 184.884700 -16.274290 179.635100
-12.675140 181.220200 -16.142990 175.945500
-12.508030 177.502000 -16.033770 172.213900
-12.341190 173.718700 -15.919600 168.407600
-12.175010 169.898000 -15.809450 164.566100
-12.018250 166.028100 -15.706920 160.680600
-11.841350 162.134100 -15.597510 156.780700
-11.655180 158.220500 -15.480610 152.850400
-11.466580 154.287300 -15.353520 148.928100
-11.281310 150.320000 -15.215270 145.012300
-11.057620 146.379100 -15.071300 141.115900
-10.815240 142.443600 -14.920300 137.239100
-10.570550 138.517900 -14.754280 133.381400
-10.333980 134.639100 -14.590470 129.548200
-10.123240 130.785800 -14.420300 125.765700
-9.914350 127.027500 -14.249680 122.047700
-9.696148 123.395700 -14.076370 118.444200
-9.493383 119.914400 -13.928850 114.994600
-9.310280 116.607700 -13.793550 111.739200
-9.151332 113.442300 -13.686740 108.615800
-9.017561 110.482000 -13.594600 105.697700
-8.888960 107.744800 -13.515900 103.009600
-8.774269 105.222900 -13.454030 100.543800
-8.679794 102.918000 -13.394960 98.272140
-8.504861 100.812800 -13.252050 96.223040
-8.163715 98.919720 -12.949400 94.378530
-7.618518 97.243660 -12.441600 92.736820
-6.858427 95.725240 -11.722040 91.254480
-5.899838 94.392380 -10.787900 89.941270
-4.759829 93.253900 -9.667695 88.827510
-3.450087 92.348760 -8.396838 87.934350
-1.973871 91.691730 -6.965990 87.275980
-0.436803 91.261860 -5.504982 86.877480
1.138073 91.026340 -3.976865 86.677680
2.751248 90.881970 -2.401553 86.545140
4.431705 90.766140 -0.750606 86.453370
6.211745 90.683570 1.008665 86.388850
8.081090 90.578530 2.880144 86.300150
10.076580 90.469280 4.879027 86.211540
12.205890 90.365360 7.021495 86.108210
14.489810 90.290310 9.305918 86.042910
16.910510 90.321490 11.736810 86.058580
19.453620 90.459650 14.299360 86.170530
22.045730 90.671110 16.914020 86.360970
24.644280 90.895340 19.531630 86.547320
27.207850 91.064010 22.130440 86.676390
29.764780 91.130150 24.710570 86.706240
32.287690 91.085550 27.255010 86.629260
34.803420 90.937800 29.789090 86.459580
37.325120 90.728940 32.318560 86.236220
39.896170 90.508470 34.894670 85.996400
42.547960 90.289960 37.542270 85.769700
45.244630 90.097810 40.245830 85.557560
47.943020 89.903610 42.947520 85.345630
50.617990 89.629730 45.614870 85.058410
53.252150 89.185630 48.250860 84.595790
55.814150 88.557720 50.793850 83.963850
58.313300 87.791630 53.279560 83.175800
60.805470 86.920740 55.749650 82.277440
63.322020 85.994100 58.235180 81.323250
65.833720 85.055040 60.720630 80.361800
68.406220 84.080780 63.278500 79.364870
70.998610 83.045350 65.842800 78.305950
73.578520 81.879280 68.407840 77.108840
76.170160 80.586970 70.984660 75.776960
78.819830 79.219290 73.602420 74.374190
81.480420 77.842690 76.228930 72.967000
84.108690 76.469870 78.831060 71.574330
86.695220 75.055290 81.373400 70.140910
89.188920 73.556030 83.827520 68.612410
91.573040 71.968490 86.180170 66.998890
93.850380 70.285940 88.421370 65.295080
96.020560 68.521450 90.559510 63.515100
98.103890 66.740880 92.610700 61.713830
100.107700 65.034010 94.579230 59.985910
101.996900 63.459780 96.447770 58.391040
103.764900 62.070330 98.191590 56.984240
105.408600 60.801050 99.810720 55.702080
107.003200 59.530310 101.382000 54.428190
108.589500 58.247390 102.938200 53.129920
110.134700 56.970520 104.452500 51.838350
111.717500 55.637520 106.009800 50.486050
113.353400 54.247110 107.618300 49.078680
115.077800 52.831180 109.313000 47.646400
116.904200 51.439420 111.111100 46.233530
118.836800 50.054850 113.006700 44.815500
120.853600 48.602090 114.994500 43.329750
122.938000 47.083700 117.060500 41.773420
125.092700 45.485300 119.207900 40.129720
127.330000 43.820780 121.427500 38.429410
129.637600 42.087830 123.703300 36.665400
131.967100 40.344760 125.995900 34.877850
134.297900 38.609850 128.289700 33.107410
136.621900 36.849050 130.574400 31.324250
138.949900 35.131110 132.856600 29.574810
141.293500 33.464730 135.164600 27.853580
143.603900 31.795640 137.444800 26.140530
145.871800 30.121580 139.670400 24.427400
148.133300 28.418200 141.886300 22.688690
150.347600 26.750990 144.068200 20.995600
152.506100 25.137140 146.197700 19.349760
154.521200 23.603510 148.191200 17.787710
156.409800 22.104300 150.048100 16.258680
158.102600 20.729550 151.712900 14.872130
159.605700 19.470090 153.203200 13.592920
161.034400 18.328640 154.603300 12.450810
162.527500 17.369930 156.066900 11.497760
164.102000 16.690040 157.617100 10.812810
165.725700 16.231240 159.232900 10.323110
167.465400 15.980230 160.945600 10.041230
169.275300 15.912810 162.751100 9.917952
171.157200 15.957740 164.643100 9.893498
173.098700 15.972680 166.582500 9.846064
175.120500 15.945180 168.595900 9.758074
177.167200 15.872150 170.626600 9.629302
179.305300 15.756280 172.752700 9.457064
181.477000 15.604010 174.911600 9.250090
183.703700 15.412020 177.125400 9.004174
185.980700 15.238130 179.374900 8.775491
188.280500 15.072990 181.660000 8.570875
190.577500 14.896800 183.956900 8.342097
192.894300 14.714610 186.270300 8.119103
195.244200 14.510220 188.630800 7.880236
197.633500 14.283820 191.025200 7.612929
200.090000 14.030130 193.468600 7.320966
202.592100 13.785300 195.957600 7.022753
205.104900 13.534110 198.468400 6.714066
207.640700 13.310070 200.995000 6.451154
210.148900 13.111090 203.501800 6.204198
212.697300 12.915740 206.040900 5.953498
215.224700 12.737830 208.570000 5.712618
217.808000 12.513180 211.139900 5.423718
220.389500 12.282700 213.716400 5.142364
223.037500 12.068550 216.342400 4.855761
225.699900 11.872960 218.986500 4.601919
228.380800 11.657570 221.659600 4.326815
231.063800 11.400770 224.334500 4.012310
233.768800 11.157120 227.044600 3.709995
236.452700 10.908570 229.714500 3.416091
239.115400 10.628320 232.363000 3.082990
241.756200 10.390980 234.986800 2.777475
244.376200 10.177670 237.596200 2.490546
246.942400 9.977031 240.154400 2.239190
249.503100 9.796410 242.715200 1.979660
251.962400 9.616742 245.178400 1.745283
254.329800 9.452561 247.540300 1.537400
256.557200 9.297183 249.781500 1.337952
258.681500 9.140396 251.903500 1.134357
260.487900 8.870715 253.915600 0.912616
262.171000 8.558198 255.818400 0.634490
263.852900 8.246051 257.594000 0.280677
265.533700 7.934305 259.214600 -0.100325
267.212200 7.623220 260.653800 -0.485726
268.719700 7.309828 261.883600 -0.840852
269.768600 7.040605 262.914600 -1.119130
270.654800 6.869143 263.797100 -1.301060
271.433400 6.780906 264.593100 -1.409894
272.188300 6.798910 265.365200 -1.410764
272.939800 6.915555 266.132300 -1.314033
273.674100 7.139266 266.865300 -1.086103
274.435500 7.486302 267.633600 -0.721567
275.206100 8.021776 268.408800 -0.208721
275.841400 9.123003 269.159400 0.601794
276.399700 10.403880 269.804600 1.538879
276.938800 11.672800 270.322900 2.688665
277.461700 12.927990 270.734700 4.039364
277.969300 14.165350 271.182200 5.621567
278.402000 15.600760 271.609700 7.417178
278.675500 17.540870 271.901000 9.391846
278.887100 19.689590 272.146900 11.585200
279.050300 22.004090 272.346900 13.928700
279.153100 24.513040 272.523100 16.429770
279.310000 27.147550 272.737500 19.097400
279.492000 29.910160 272.992100 21.868680
279.682000 32.722430 273.275300 24.666330
279.891600 35.618700 273.576200 27.564940
280.117300 38.587970 273.895600 30.516870
280.340800 41.563150 274.200300 33.485980
280.553900 44.602790 274.503200 36.506230
280.757500 47.669170 274.806200 39.557670
280.966700 50.717990 275.106600 42.601950
281.189800 53.763250 275.419900 45.630890
281.387500 56.840290 275.736100 48.676540
281.609200 59.915920 276.050100 51.707010
281.892800 62.993940 276.426600 54.751060
282.168100 66.061440 276.800900 57.778780
282.386200 69.137860 277.112700 60.816590
282.581400 72.205720 277.417700 63.836310
282.741100 75.260420 277.704800 66.875860
282.945600 78.300480 278.010900 69.915740
283.185400 81.322840 278.330200 72.912800
283.441700 84.363870 278.671200 75.929900
283.683800 87.353300 278.996700 78.893460
283.940100 90.352150 279.357800 81.888220
284.231300 93.355260 279.756900 84.884910
284.541900 96.345100 280.183700 87.858970
284.938000 99.320580 280.681100 90.827260
285.395000 102.259500 281.224700 93.748720
285.844100 105.163200 281.767200 96.637280
286.321900 108.053700 282.334600 99.514290
286.793800 110.912200 282.904400 102.349500
287.216900 113.736500 283.412500 105.146800
287.630900 116.518500 283.901900 107.925000
288.058700 119.219300 284.402500 110.619600
288.448800 121.780900 284.855900 113.202200
288.846400 124.280600 285.323400 115.698000
289.285300 126.630100 285.826800 118.049500
289.743500 128.835400 286.344800 120.238600
290.213000 130.821100 286.868700 122.222100
290.683600 132.626000 287.386000 124.015600
291.166200 134.262000 287.909600 125.638000
291.580800 135.832500 288.367900 127.209500
291.961700 137.426400 288.792800 128.797400
292.194000 139.020100 289.065300 130.383000
292.237900 140.604400 289.143700 131.968900
291.762300 142.158200 288.971400 133.565400
290.662500 143.578100 288.542200 135.156400
289.562400 144.964600 287.827400 136.669300
288.468100 146.318100 286.803300 138.065800
287.386000 147.641500 285.499400 139.318700
286.399400 148.976200 283.964900 140.399300
284.571900 149.919400 282.171600 141.410200
282.598600 150.835500 280.238000 142.423100
280.553400 151.805400 278.232300 143.481300
278.418500 152.847000 276.136600 144.607600
276.187000 153.972900 273.977600 145.800600
273.848800 155.201700 271.705200 147.106000
271.423500 156.516000 269.336800 148.495400
268.909500 157.880900 266.891300 149.935700
266.393100 159.278800 264.404600 151.415500
263.831700 160.712200 261.936500 152.951300
261.343100 162.229400 259.521400 154.550600
258.927700 163.839100 257.177100 156.229700
256.567900 165.515700 254.890800 157.978400
254.220600 167.219800 252.603100 159.769600
251.812400 168.915300 250.263200 161.541800
249.342900 170.564800 247.854600 163.251500
246.829700 172.171100 245.400700 164.930500
244.268800 173.728400 242.906900 166.563300
241.687800 175.211100 240.375200 168.126200
239.066600 176.646400 237.802900 169.645500
236.435100 178.027700 235.227100 171.107500
233.828600 179.391700 232.659100 172.550700
231.251200 180.752600 230.134900 173.993200
228.707700 182.113100 227.639400 175.437600
226.214900 183.484500 225.198300 176.889700
223.769900 184.811700 222.808100 178.288700
221.367300 186.107100 220.458800 179.658500
219.059200 187.344000 218.202000 180.968200
216.843700 188.521200 216.025300 182.222200
214.730300 189.612200 213.974900 183.383000
212.761600 190.600600 212.056600 184.435500
210.934100 191.518800 210.267600 185.405500
209.293500 192.364900 208.668100 186.289700
207.831400 193.113300 207.236400 187.077600
206.576700 193.798300 205.999600 187.795700
205.539900 194.395600 204.982600 188.428100
204.729700 194.901600 204.186000 188.957200
204.122300 195.321500 203.586500 189.401900
203.546300 195.745200 203.026100 189.832500
203.042900 196.282400 202.482200 190.286100
202.515700 196.788100 201.937300 190.737900
201.945400 197.325500 201.367300 191.250800
201.195300 198.000000 200.627800 191.930300
200.227400 198.808500 199.686000 192.757100
199.076800 199.760000 198.572000 193.738400
197.730700 200.791700 197.272900 194.802800
196.253000 201.872000 195.843600 195.928200
194.623700 202.967100 194.259500 197.074000
192.619800 204.117900 192.515900 198.264600
190.615300 205.269000 190.665900 199.448600
188.611600 206.419500 188.724700 200.661300
186.608000 207.569800 186.697900 201.890700
184.604500 208.720100 184.588000 203.149300
182.452000 209.923800 182.393000 204.460800
180.162600 211.202300 180.159800 205.820100
177.855000 212.473600 177.899800 207.172700
175.554100 213.761200 175.646900 208.543900
173.260900 215.031900 173.406700 209.896200
171.006800 216.296100 171.202100 211.234600
168.770100 217.549300 169.014400 212.554600
166.635700 218.725900 166.912300 213.807100
164.640400 219.823800 164.960900 214.968100
162.800000 220.792300 163.155900 215.989900
161.109900 221.618400 161.499100 216.865900
159.510500 222.334400 159.918100 217.630100
157.845500 222.860900 158.305700 218.211600
156.181300 223.202900 156.666600 218.595700
154.511100 223.364000 155.009000 218.802900
152.786900 223.350100 153.294600 218.835900
150.969000 223.245000 151.452300 218.800400
149.048400 223.060600 149.520600 218.707400
146.999200 222.886700 147.456100 218.628500
144.811400 222.709100 145.253900 218.546700
142.452400 222.507300 142.885200 218.451900
139.985700 222.307100 140.399800 218.363500
137.342300 222.162600 137.752800 218.333000
134.568800 222.029900 134.969700 218.319400
131.695500 221.932100 132.087400 218.332000
128.711000 221.803000 129.088800 218.328400
125.647300 221.650100 126.020100 218.311000
122.615400 221.500000 122.963300 218.280400
119.543800 221.309500 119.892300 218.221600
116.511500 221.102100 116.844700 218.138600
113.516800 220.903600 113.832000 218.070400
110.545200 220.708000 110.854400 218.007700
107.636200 220.532300 107.925900 217.951400
104.717200 220.373700 104.994300 217.913000
101.840600 220.218600 102.118100 217.875500
98.994700 220.067300 99.261460 217.843100
96.181550 219.895100 96.443740 217.785500
93.438620 219.686500 93.701770 217.702200
90.855460 219.500600 91.080070 217.599500
88.388610 219.326300 88.605200 217.487900
86.123680 219.157800 86.320180 217.387200
84.049970 219.045300 84.228740 217.342200
82.152880 219.016300 82.310290 217.382900
80.388010 219.115100 80.534680 217.547400
78.664760 219.366200 78.815810 217.859000
77.016290 219.796000 77.168520 218.349300
75.461480 220.446100 75.625040 219.053900
74.069090 221.411200 74.248860 220.055600
72.862850 222.604000 73.058240 221.326500
71.841850 224.015300 72.083530 222.750700
71.023420 225.699900 71.347840 224.414400
70.421670 227.540000 70.822210 226.241500
70.034550 229.518400 70.528890 228.218800
69.813760 231.610700 70.398230 230.308200
69.670080 233.800300 70.359300 232.516100
69.603690 236.022800 70.392750 234.784100
69.545910 238.342600 70.418090 237.134300
69.499400 240.719700 70.441080 239.554100
69.469400 243.192800 70.488570 242.046000
69.384530 245.776400 70.486910 244.642400
69.232580 248.432800 70.424880 247.316300
69.094640 251.146000 70.378420 250.045100
68.950990 253.982700 70.332630 252.921800
68.811860 256.917100 70.297040 255.868800
68.650580 259.920100 70.273940 258.883000
68.462200 263.082100 70.244340 261.996700
68.288560 266.252800 70.206920 265.155000
68.096650 269.464100 70.153050 268.348800
67.903830 272.683000 70.094550 271.553800
67.721470 275.872400 70.046870 274.746900
67.525460 279.043300 69.978720 277.919200
67.317450 282.219100 69.903790 281.102600
67.111650 285.343500 69.821390 284.244800
66.901350 288.508400 69.749290 287.386900
66.688140 291.652400 69.689220 290.484400
66.478800 294.782200 69.630270 293.576600
66.289190 297.878200 69.589110 296.637000
66.078070 300.944500 69.519590 299.679000
65.826270 304.008500 69.409520 302.722500
65.573590 307.018200 69.299820 305.722700
65.274710 310.032300 69.150090 308.707400
64.924470 313.030600 68.948040 311.688000
64.540610 315.995300 68.695370 314.655700
64.089990 318.947600 68.377180 317.612200
63.671720 321.903700 68.091530 320.568200
63.304260 324.895900 67.862990 323.553600
62.967580 327.898100 67.663180 326.554200
62.699080 330.909200 67.532710 329.559300
62.553590 333.929000 67.472310 332.586900
62.402330 336.963400 67.408780 335.626600
62.266570 340.021300 67.373520 338.675000
62.116500 343.035800 67.336730 341.708500
61.993500 346.032900 67.327400 344.732300
61.866370 348.989100 67.320810 347.707800
61.760870 351.857800 67.314660 350.588200
61.679290 354.611700 67.330580 353.350000
61.586300 357.261400 67.333010 355.993700
61.550600 359.776900 67.394430 358.506600
61.577240 362.145700 67.518070 360.869300
61.603020 364.290800 67.630320 363.015300
61.628690 366.323100 67.737300 365.054200
61.649880 368.352400 67.840760 367.073300
61.624730 370.355800 67.886720 369.058200
61.511180 372.339500 67.844040 371.027200
61.271590 374.388200 67.677490 373.061700
60.966710 376.528400 67.439620 375.204800
60.637150 378.796200 67.188220 377.479700
60.324540 381.208000 66.965540 379.886000
60.065570 383.741300 66.803840 382.418700
59.884830 386.413700 66.720680 385.099500
59.789830 389.195600 66.730150 387.880900
59.765420 392.106700 66.798110 390.805000
59.766400 395.121300 66.894850 393.841500
59.728620 398.268800 66.961700 396.995000
59.673270 401.492900 67.016780 400.218200
59.575390 404.694600 67.030780 403.428100
59.425140 407.916600 66.995510 406.648600
59.267000 411.104300 66.949680 409.843100
59.084670 414.257800 66.888050 413.005500
58.913680 417.417100 66.840820 416.169600
58.748810 420.528100 66.793280 419.301100
58.574140 423.604200 66.747210 422.389000
58.437200 426.635400 66.734460 425.426700
58.286850 429.523300 66.694840 428.336500
58.117570 432.280500 66.640380 431.106900
57.924100 434.902000 66.543600 433.737900
57.663190 437.382700 66.387530 436.237300
57.368250 439.710400 66.188640 438.596200
57.036690 441.889000 65.940450 440.791700
56.656850 443.874800 65.643040 442.784900
56.323860 445.645400 65.379850 444.569500
56.148660 447.270100 65.268520 446.187900
56.616130 448.530800 65.398190 447.704500
57.333540 449.649800 65.786700 449.026100
58.025620 450.723300 66.458900 450.166500
58.683230 451.752100 67.355760 451.091600
59.300760 452.745900 68.405280 451.788400
60.051910 453.493100 69.545740 452.301400
61.232100 453.863600 70.768430 452.591200
62.575150 454.072200 72.126700 452.724000
64.075560 454.193600 73.639040 452.766800
65.729870 454.237800 75.278520 452.727500
67.536180 454.320400 77.049770 452.729900
69.481920 454.413600 78.987960 452.736200
71.568440 454.517900 81.068660 452.761400
73.783230 454.637300 83.284800 452.816100
76.158670 454.789800 85.647900 452.886100
78.646770 454.943100 88.137250 452.960600
81.225870 455.115600 90.731550 453.045300
83.916780 455.302300 93.443050 453.133900
86.702020 455.456700 96.238770 453.193400
89.526350 455.578300 99.069590 453.219400
92.412350 455.733700 101.952100 453.276600
95.328570 455.895400 104.878800 453.339500
98.249890 456.054300 107.810100 453.393200
101.184100 456.224200 110.755800 453.443800
104.093100 456.393100 113.680600 453.491100
106.998900 456.525600 116.601100 453.506100
109.897200 456.654500 119.507200 453.529500
112.749700 456.816600 122.374700 453.575400
115.610200 456.965500 125.248000 453.607900
118.400100 457.099300 128.070500 453.639500
121.145900 457.258900 130.836500 453.702100
123.876500 457.448100 133.577300 453.777500
126.583800 457.666500 136.287100 453.881300
129.241600 457.972700 138.960600 454.080200
131.877300 458.360200 141.629700 454.367900
134.472300 458.810900 144.254700 454.722600
137.047800 459.328100 146.860300 455.123300
139.578900 459.909300 149.416400 455.590500
142.082300 460.548100 151.943600 456.117100
144.536100 461.240400 154.409700 456.718400
146.935100 462.035700 156.846800 457.402900
149.323900 462.890800 159.258500 458.140500
151.645200 463.789700 161.638000 458.939800
153.953700 464.746000 163.994400 459.790300
156.216300 465.719100 166.313400 460.680700
158.442000 466.755000 168.577000 461.634400
160.610800 467.844100 170.789500 462.642000
162.721500 468.976400 172.939900 463.697400
164.765200 470.136200 175.031700 464.791500
166.772400 471.335900 177.072100 465.919800
168.632200 472.526000 178.985200 467.053600
170.346500 473.697400 180.744400 468.173100
171.909300 474.797000 182.352700 469.218400
173.302800 475.783300 183.804700 470.155000
174.556500 476.625400 185.098600 470.919600
175.656700 477.273900 186.253300 471.498800
176.667400 477.791400 187.324400 471.959900
177.693700 478.199200 188.395500 472.321100
178.769200 478.445200 189.493500 472.516300
179.820200 478.560500 190.572900 472.586500
180.911200 478.531600 191.665800 472.504400
182.068600 478.323700 192.812300 472.236200
183.262200 477.935100 193.983500 471.781200
184.488300 477.285200 195.178800 471.052000
185.759400 476.306800 196.415400 469.993600
187.077400 475.006900 197.675600 468.633800
188.478700 473.464500 199.004200 467.028700
189.953700 471.703500 200.402400 465.192800
191.518900 469.725200 201.874900 463.162600
193.208300 467.608400 203.449200 460.972700
195.017400 465.320900 205.119900 458.602900
196.863700 462.933100 206.838200 456.146900
198.729100 460.522700 208.591600 453.640500
200.614200 458.121400 210.352400 451.154500
202.510500 455.730200 212.124000 448.684500
204.411000 453.358300 213.922900 446.202700
206.321800 451.001000 215.710400 443.752600
208.222000 448.665100 217.491000 441.317400
210.114400 446.337900 219.258000 438.886400
211.976500 444.014500 221.001600 436.472600
213.836200 441.706600 222.733000 434.091600
215.683700 439.420500 224.449700 431.738400
217.555600 437.143300 226.217300 429.374700
219.471300 434.824100 228.031000 426.956500
221.450500 432.447100 229.901600 424.485200
223.466700 430.017100 231.821800 421.947000
225.486700 427.604100 233.731400 419.377400
227.506500 425.191500 235.636300 416.811200
229.526100 422.779100 237.547500 414.277000
231.545400 420.367100 239.449500 411.774400
233.564400 417.955300 241.342800 409.324000
235.559300 415.588300 243.188200 406.940700
237.436800 413.389000 244.932900 404.655000
238.780200 411.507400 246.551300 402.479400
239.937800 409.690800 247.983700 400.479900
241.095100 407.877000 249.196500 398.643200
242.251200 406.068000 250.143000 396.929500
243.408000 404.262500 250.784700 395.254700
244.011000 402.484000 251.063200 393.433900
244.001400 400.839200 250.942200 391.737800
243.616800 399.284000 250.470100 390.165100
242.890100 397.828700 249.657100 388.724500
241.873600 396.462000 248.572800 387.409000
240.631500 395.201500 247.270400 386.215200
239.221600 394.033800 245.807800 385.107300
237.618600 392.957600 244.125600 384.115900
235.793400 391.994800 242.234900 383.249000
233.764600 391.138800 240.141900 382.510000
231.526900 390.407500 237.842900 381.899600
229.101900 389.773400 235.360700 381.380200
226.502900 389.204300 232.723200 380.937800
223.725900 388.759000 229.911500 380.628100
220.797800 388.372500 226.937600 380.387600
217.710700 387.983400 223.826900 380.167400
214.530600 387.607200 220.628000 379.974900
211.281800 387.245500 217.365800 379.791700
207.989900 386.906600 214.075200 379.641400
204.658000 386.595500 210.726400 379.515200
201.286800 386.304300 207.324400 379.411100
197.918900 386.031200 203.926800 379.334100
194.555800 385.786300 200.532500 379.291100
191.207200 385.554600 197.179900 379.254300
187.886200 385.358400 193.861800 379.248400
184.599200 385.187900 190.550000 379.248600
181.348200 385.028900 187.283700 379.258000
178.125300 384.880300 184.042900 379.275200
174.940200 384.732200 180.850200 379.284200
171.787000 384.605200 177.695600 379.298700
168.667500 384.479200 174.582900 379.318900
165.610000 384.375800 171.529300 379.361000
162.651900 384.300900 168.567900 379.434600
159.841600 384.253100 165.756000 379.528600
157.212800 384.244100 163.125500 379.648700
154.757500 384.238100 160.667900 379.760000
152.465500 384.177300 158.375200 379.817600
150.349500 384.033300 156.253200 379.771000
148.462800 383.774700 154.356400 379.607300
146.861800 383.342900 152.729300 379.228500
145.493000 382.652100 151.338900 378.583700
144.342900 381.710300 150.159800 377.682000
143.476000 380.548800 149.248200 376.556700
142.885900 379.215000 148.609400 375.258800
142.512900 377.743300 148.162900 373.824000
142.317800 376.136600 147.881400 372.251100
142.188100 374.395800 147.657700 370.550600
142.147200 372.567400 147.511600 368.728600
142.122900 370.607400 147.369300 366.775800
142.117600 368.494900 147.246200 364.669800
142.130800 366.233800 147.123900 362.410900
142.204400 363.814600 147.059400 359.987000
142.299400 361.231000 147.004800 357.399600
142.415300 358.474700 146.967300 354.642100
142.582500 355.558100 146.987100 351.721800
142.739700 352.539000 146.986100 348.694200
142.891900 349.439100 146.967800 345.586300
143.064500 346.281300 146.966800 342.422500
143.227100 343.091000 146.958400 339.216100
143.425200 339.887400 146.979100 335.999100
143.616200 336.700500 146.993700 332.796300
143.795900 333.502200 146.984400 329.581900
144.005700 330.337500 146.997700 326.402400
144.230000 327.130600 146.996000 323.196100
144.419100 323.896200 146.977000 319.957400
144.587400 320.591100 146.946000 316.665700
144.754600 317.239000 146.915800 313.344000
144.941900 313.833000 146.891200 309.975900
145.157300 310.363000 146.882900 306.545000
145.368500 306.861100 146.858500 303.067300
145.569800 303.322100 146.828300 299.552000
145.779600 299.781500 146.803600 296.008800
145.995800 296.224300 146.789400 292.458900
146.232800 292.723700 146.811300 288.942900
146.466500 289.221500 146.818000 285.451400
146.685200 285.746000 146.837800 281.978400
146.893800 282.281200 146.849500 278.498800
147.103700 278.834100 146.861600 275.057800
147.309200 275.380000 146.872600 271.609000
147.469000 272.014900 146.840400 268.234900
147.644100 268.640500 146.820500 264.857500
147.828000 265.287400 146.818800 261.516600
148.018700 262.011300 146.820800 258.227000
148.191600 258.776500 146.796200 254.976100
148.362500 255.568000 146.761300 251.760400
148.542700 252.484800 146.754000 248.657100
148.699400 249.530100 146.729700 245.684000
148.855100 246.697000 146.721900 242.854400
149.012000 244.059600 146.736200 240.217900
149.177500 241.565300 146.763400 237.719800
149.354100 239.240800 146.814800 235.382400
149.518500 237.141100 146.863600 233.268700
149.688400 235.241100 146.922300 231.365700
149.831600 233.536700 146.965600 229.656200
149.906300 232.004900 146.956200 228.113500
149.838700 230.619900 146.811100 226.725000
149.635100 229.344100 146.527200 225.441100
149.241300 228.150200 146.055900 224.253700
148.716100 227.039600 145.466100 223.169500
148.000700 226.008200 144.682700 222.154200
147.075700 225.048900 143.703100 221.213300
145.937600 224.217300 142.515100 220.404900
144.564400 223.496400 141.112600 219.734600
143.010800 222.963900 139.561000 219.257300
141.316600 222.568700 137.863000 218.934000
139.454500 222.334500 136.020200 218.772100
137.425000 222.166300 134.017400 218.684600
135.205500 222.050100 131.830300 218.660700
132.804000 221.961500 129.456900 218.676800
130.267400 221.919300 126.905200 218.741600
127.508700 221.882500 124.146100 218.804400
124.622700 221.854300 121.258200 218.864500
121.664000 221.830100 118.296100 218.939900
118.657200 221.763300 115.289900 218.992600
115.641600 221.685500 112.303500 219.006200
112.627300 221.570300 109.310400 218.999400
109.673500 221.356100 106.352900 218.982800
106.754900 221.166500 103.415800 218.974900
103.815900 220.977200 100.469300 218.972400
100.933900 220.822800 97.575570 218.980300
98.075460 220.656000 94.707240 218.995100
95.253020 220.487500 91.880020 218.984300
92.486910 220.344500 89.123200 218.957300
89.875370 220.223200 86.521500 218.950700
87.458400 220.103100 84.106430 218.935500
85.308900 219.940400 81.925950 218.930600
83.404740 219.814900 80.020870 218.948000
81.811460 219.719400 78.386940 219.003500
80.386560 219.682400 76.934930 219.096600
79.003730 219.767200 75.549730 219.270500
77.660700 220.007600 74.219150 219.577100
76.371580 220.406400 72.947510 220.021500
75.155860 220.960300 71.772620 220.618500
74.011040 221.726500 70.668530 221.439300
72.923470 222.715600 69.624060 222.456000
71.978870 223.872400 68.731060 223.648100
71.184520 225.266700 68.046510 224.986800
70.559680 226.755300 67.534140 226.411700
70.106430 228.212400 67.186450 227.900400
69.780350 229.717400 66.966980 229.416400
69.611080 231.273600 66.903900 230.979000
69.507330 232.885000 66.908790 232.562700
69.413710 234.508900 66.924200 234.167400
69.343880 236.144900 66.960510 235.792400
69.165330 237.775100 66.876790 237.411400
68.850580 239.377200 66.655160 239.011200
68.411010 240.827300 66.246830 240.513700
67.727420 242.111200 65.564320 241.872300
66.803100 243.182900 64.666030 243.047600
65.701790 244.107800 63.602790 244.040700
64.448250 244.782200 62.376910 244.789100
63.080800 245.260000 61.038400 245.348000
61.580750 245.474700 59.551030 245.652100
60.021940 245.545100 58.004030 245.804900
58.373630 245.501300 56.352070 245.852600
56.557790 245.387700 54.561210 245.886300
54.575700 245.267600 52.591330 245.917200
52.422320 245.171900 50.442340 245.973000
50.087930 245.081900 48.106480 246.034700
47.581640 245.008900 45.605030 246.111300
44.918970 244.937600 42.947900 246.177200
42.122820 244.817200 40.144490 246.210200
39.164720 244.672400 37.179780 246.229700
36.057060 244.510700 34.061490 246.241900
32.840100 244.318200 30.838310 246.233900
29.595440 244.119000 27.566760 246.223700
26.356030 243.938500 24.312050 246.244800
23.136280 243.778100 21.061440 246.279000
19.923890 243.574600 17.839930 246.268400
16.771670 243.333700 14.660090 246.217400
13.661940 243.082500 11.550850 246.156300
10.666390 242.818300 8.553663 246.077000
7.814747 242.555200 5.713361 246.004500
5.139292 242.325200 3.038952 245.952500
2.679849 242.118700 0.573187 245.908300
0.450309 241.930700 -1.655480 245.860200
-1.528966 241.776000 -3.634092 245.833300
-3.228819 241.670700 -5.320354 245.837200
-4.618300 241.633500 -6.706357 245.891100
-5.727634 241.635600 -7.813704 245.972100
-6.594910 241.676300 -8.678311 246.075000
-7.316062 241.736500 -9.381614 246.191200
-7.999830 241.824600 -10.063450 246.337900
-8.668434 241.971800 -10.706160 246.541500
-9.310473 242.159800 -11.332080 246.780100
-10.040280 242.489600 -12.029380 247.157500
-10.900630 242.986700 -12.857180 247.700700
-11.788840 243.696900 -13.697700 248.451900
-12.605680 244.629900 -14.455310 249.429800
-13.325190 245.805400 -15.099710 250.660300
-13.876090 247.212100 -15.564910 252.172600
-14.262280 248.903900 -15.827370 253.894200
-14.456720 250.843200 -15.881840 255.838600
-14.534350 252.994100 -15.803660 257.983600
-14.597030 255.350200 -15.700380 260.337300
-14.667090 257.910700 -15.596660 262.888600
-14.735990 260.649600 -15.496730 265.635100
-14.849520 263.575900 -15.430100 268.560500
-14.957480 266.729800 -15.351950 271.711200
-15.059630 270.015600 -15.278240 274.999100
-15.182710 273.477200 -15.216940 278.453600
-15.303150 277.021400 -15.153310 281.992900
-15.440230 280.658500 -15.095450 285.628600
-15.590580 284.351600 -15.044770 289.313000
-15.764490 288.068200 -15.010680 293.016400
-15.946800 291.811700 -14.984990 296.765500
-16.099940 295.543400 -14.926300 300.530300
-16.260060 299.308400 -14.864130 304.316900
-16.425310 303.105800 -14.802150 308.115700
-16.590140 306.893300 -14.746600 311.902400
-16.756680 310.705900 -14.689310 315.719800
-16.910250 314.536100 -14.622490 319.556300
-17.062160 318.371600 -14.566270 323.407000
-17.211700 322.183300 -14.520780 327.242800
-17.359600 325.995800 -14.464610 331.077700
-17.503240 329.777900 -14.405350 334.887000
-17.652950 333.537700 -14.332820 338.682700
-17.803470 337.274400 -14.261840 342.440000
-17.965510 340.928300 -14.209520 346.113900
-18.139020 344.467400 -14.164160 349.643600
-18.309560 347.827300 -14.130420 353.029100
-18.498430 351.069300 -14.111260 356.282700
-18.657830 354.177800 -14.072930 359.393400
-18.779270 357.113600 -14.005430 362.347900
-18.870160 359.864000 -13.920300 365.109100
-18.946200 362.402300 -13.832940 367.649500
-18.990920 364.711200 -13.740540 369.947000
-19.050610 366.784400 -13.663760 371.996900
-19.150770 368.599600 -13.644410 373.802800
-19.288630 370.232600 -13.692310 375.426200
-19.600770 371.746300 -13.902480 376.922000
-20.181060 373.134000 -14.373490 378.306300
-21.046240 374.352900 -15.133870 379.528600
-22.127780 375.353800 -16.135360 380.550600
-23.457040 376.098400 -17.404590 381.336300
-24.934490 376.556700 -18.838610 381.850400
-26.555040 376.670400 -20.455910 382.019600
-28.276760 376.521700 -22.160730 381.951400
-30.056280 376.231600 -23.955680 381.753900
-31.975970 375.881500 -25.886000 381.542100
-34.041570 375.538800 -27.956500 381.335600
-36.312400 375.174700 -30.218200 381.111600
-38.740670 374.815500 -32.664450 380.900200
-41.349510 374.513500 -35.276170 380.759600
-44.097790 374.260800 -38.037490 380.709500
-47.011360 374.040700 -40.957670 380.705700
-50.040150 373.823900 -43.999960 380.691100
-53.185680 373.618900 -47.156240 380.704300
-56.406270 373.421900 -50.377880 380.727100
-59.653410 373.251300 -53.625790 380.769700
-62.943060 373.083600 -56.901310 380.809700
-66.219570 372.909300 -60.188400 380.842300
-69.486870 372.732000 -63.454460 380.866400
-72.726120 372.532900 -66.707280 380.862600
-75.949990 372.348800 -69.929560 380.869600
-79.132360 372.198800 -73.130370 380.908600
-82.276670 372.085900 -76.287460 380.978400
-85.318380 372.021300 -79.334480 381.093800
-88.202870 371.999200 -82.220590 381.234300
-90.927450 371.989600 -84.954640 381.381100
-93.555550 371.974900 -87.599270 381.524800
-96.169310 371.894100 -90.210420 381.608700
-98.735200 371.699400 -92.788320 381.569500
-101.335900 371.405700 -95.401740 381.442900
-104.006100 371.090100 -98.085330 381.288200
-106.771100 370.792200 -100.861800 381.159300
-109.682200 370.477800 -103.780800 381.036400
-112.739100 370.228500 -106.844800 380.979000
-115.931600 370.036400 -110.043000 380.965300
-119.286600 369.828600 -113.392000 380.977700
-122.729500 369.724600 -116.835700 381.087600
-126.288700 369.671200 -120.371100 381.248100
-129.839700 369.662300 -123.908800 381.451900
-133.385600 369.650900 -127.437300 381.660700
-136.894400 369.634000 -130.947300 381.867000
-140.398100 369.514400 -134.435400 381.971100
-143.862100 369.340500 -137.907000 382.014800
-147.327600 369.166400 -141.363900 382.061000
-150.737000 368.971100 -144.777000 382.089500
-154.158600 368.781900 -148.193800 382.125000
-157.533900 368.539100 -151.578200 382.097600
-160.863100 368.281900 -154.920800 382.058700
-164.185700 368.025000 -158.254300 382.021200
-167.432800 367.748600 -161.536600 381.971700
-170.642400 367.488400 -164.753600 381.930100
-173.841400 367.227100 -167.963900 381.896500
-177.023700 366.951400 -171.161900 381.831200
-180.244500 366.730400 -174.389100 381.823500
-183.473900 366.580900 -177.623900 381.880000
-186.744800 366.472000 -180.903700 381.979500
-190.033500 366.367300 -184.186800 382.092000
-193.355400 366.250500 -187.515500 382.191900
-196.716900 366.188600 -190.875400 382.348700
-200.121200 366.182600 -194.267900 382.565000
-203.540500 366.199800 -197.668500 382.804200
-206.952700 366.227500 -201.059100 383.057600
-210.347900 366.285500 -204.414300 383.329800
-213.706200 366.365900 -207.773100 383.628600
-217.009500 366.481900 -211.062300 383.955000
-220.179700 366.654500 -214.219400 384.338700
-223.191200 366.879000 -217.221700 384.758300
-226.097000 367.114900 -220.103600 385.193600
-228.814800 367.345400 -222.810400 385.605300
-231.386300 367.584000 -225.355000 386.021200
-233.712600 367.887700 -227.651700 386.483700
-235.782000 368.275800 -229.703700 387.011600
-237.675400 368.737900 -231.559200 387.615400
-239.369400 369.206200 -233.220800 388.196100
-240.923900 369.617600 -234.737800 388.714700
-242.343700 369.946600 -236.122800 389.133800
-243.617800 370.200700 -237.391300 389.472100
-244.859400 370.340600 -238.608300 389.689200
-246.077300 370.391700 -239.809000 389.815400
-247.267700 370.379800 -240.992000 389.881200
-248.493500 370.333700 -242.223100 389.919700
-249.783700 370.306600 -243.507900 389.986100
-251.078800 370.299200 -244.799000 390.077500
-252.358200 370.349900 -246.079800 390.215400
-253.632100 370.436500 -247.332200 390.391000
-254.850600 370.581800 -248.539000 390.615300
-255.940600 370.729900 -249.630400 390.851500
-256.915700 370.895600 -250.594000 391.085300
-257.880300 371.026600 -251.530700 391.276400
-258.825300 371.074700 -252.459200 391.379100
-259.790200 371.036700 -253.424300 391.397500
-260.853800 370.865000 -254.487200 391.276500
-261.981300 370.525600 -255.626200 391.001300
-263.149900 369.955400 -256.829900 390.511400
-264.334300 369.128800 -258.065900 389.761600
-265.453200 367.983800 -259.253200 388.706700
-266.451000 366.525200 -260.353200 387.332900
-267.251800 364.723800 -261.323400 385.654600
-267.949500 362.709300 -262.171200 383.690400
-268.506500 360.485200 -262.901100 381.504500
-268.941500 358.026800 -263.522600 379.098300
-269.220400 355.348600 -264.013100 376.445700
-269.448800 352.477300 -264.460100 373.595300
-269.718000 349.407100 -264.943200 370.569000
-269.985700 346.177700 -265.447100 367.343500
-270.257600 342.841000 -265.941200 364.040100
-270.518100 339.408900 -266.434400 360.634100
-270.754500 335.850800 -266.923000 357.114200
-270.955500 332.279200 -267.377000 353.561100
-271.100700 328.699800 -267.780800 350.017700
-271.205200 325.126400 -268.153600 346.463600
-271.267700 321.587300 -268.470400 342.926500
-271.275200 318.070500 -268.725800 339.415000
-271.222900 314.582000 -268.922500 335.924200
-271.120000 311.120600 -269.067700 332.458200
-270.978000 307.683800 -269.162400 329.008000
-270.782700 304.265600 -269.202400 325.551600
-270.528600 300.853100 -269.189800 322.125500
-270.242000 297.429400 -269.148700 318.677900
-269.919600 293.989900 -269.076100 315.218700
-269.545200 290.528500 -268.948000 311.759000
-269.141700 287.042100 -268.803900 308.257400
-268.688300 283.528200 -268.612400 304.733400
-268.188900 279.998100 -268.375400 301.174700
-267.644900 276.438400 -268.087500 297.593200
-267.060700 272.864800 -267.760400 293.978800
-266.415600 269.267600 -267.382600 290.355000
-265.703700 265.659900 -266.933400 286.706300
-264.933700 262.028500 -266.431200 282.997000
-264.083600 258.356100 -265.849200 279.288700
-263.198600 254.694500 -265.226500 275.570900
-262.249500 251.044300 -264.548200 271.883600
-261.237300 247.429800 -263.812400 268.234800
-260.189300 243.839800 -263.021900 264.574300
-259.094000 240.246100 -262.193400 260.912800
-257.955600 236.666200 -261.319200 257.263100
-256.772700 233.104800 -260.402600 253.622500
-255.531300 229.548500 -259.422400 249.992500
-254.248400 226.028100 -258.407600 246.390200
-252.919100 222.544000 -257.324900 242.789200
-251.574800 219.079600 -256.237600 239.240900
-250.208800 215.633800 -255.129700 235.709300
-248.823500 212.212300 -253.989500 232.186300
-247.396200 208.816100 -252.822900 228.719000
-245.924600 205.438400 -251.614100 225.251900
-244.407500 202.096000 -250.339700 221.806400
-242.864900 198.761700 -249.043100 218.380200
-241.279000 195.474400 -247.697500 215.004500
-239.649300 192.235800 -246.307500 211.666200
-237.983200 189.035400 -244.884200 208.362800
-236.298900 185.858800 -243.428300 205.054800
-234.588400 182.702700 -241.944700 201.798200
-232.835600 179.589900 -240.411100 198.554400
-231.009300 176.491000 -238.817000 195.316200
-229.111700 173.245900 -237.184200 192.060200
-227.176300 170.021800 -235.502600 188.787100
-225.177100 166.838100 -233.741300 185.509000
-223.121100 163.678300 -231.921400 182.257900
-221.021800 160.583500 -230.050500 179.043200
-218.906700 157.528200 -228.161400 175.860300
-216.758300 154.516100 -226.234600 172.719400
-214.598900 151.542200 -224.279400 169.589700
-212.419400 148.613400 -222.308300 166.528600
-210.228200 145.723000 -220.322300 163.493800
-207.984500 142.875200 -218.295600 160.504000
-205.709300 140.044600 -216.241400 157.540400
-203.367700 137.252600 -214.107100 154.598400
-200.986900 134.476000 -211.924600 151.646700
-198.545200 131.709700 -209.696400 148.720700
-196.059300 128.939500 -207.416400 145.793400
-193.510200 126.196800 -205.071300 142.873900
-190.897300 123.468900 -202.656700 139.971100
-188.227400 120.762000 -200.186900 137.056500
-185.497000 118.076800 -197.669500 134.170300
-182.724000 115.414700 -195.100800 131.302700
-179.874900 112.756200 -192.467800 128.442100
-176.963500 110.129700 -189.783200 125.625300
-174.022700 107.478800 -187.049300 122.774200
-171.062700 104.830200 -184.288200 119.931900
-168.072200 102.205400 -181.504300 117.109600
-165.063500 99.572080 -178.705900 114.286100
-162.094200 96.925240 -175.930100 111.438100
-159.158100 94.245620 -173.182500 108.534400
-156.222000 91.591220 -170.447800 105.692900
-153.302600 88.949020 -167.714600 102.853500
-150.415700 86.290970 -165.017300 99.999630
-147.525700 83.616700 -162.347000 97.154730
-144.616800 80.967880 -159.636400 94.312670
-141.680000 78.334030 -156.906600 91.485210
-138.744900 75.701910 -154.175000 88.647210
-135.803000 73.066790 -151.445400 85.806970
-132.863800 70.434610 -148.706800 82.964660
-129.933000 67.796650 -145.976800 80.127460
-127.009300 65.165490 -143.241400 77.288400
-124.094300 62.565200 -140.525000 74.489460
-121.185800 59.961850 -137.816700 71.676310
-118.275800 57.358150 -135.117500 68.868810
-115.383500 54.746480 -132.411000 66.051010
-112.487100 52.132910 -129.729200 63.251710
-109.563100 49.507800 -127.005400 60.427510
-106.649400 46.882310 -124.281700 57.597920
-103.717200 44.240620 -121.551300 54.768460
-100.776700 41.607720 -118.790500 51.935700
-97.815960 38.955960 -116.017300 49.087230
-94.863170 36.299440 -113.237300 46.201370
-91.884440 33.643060 -110.463800 43.347340
-88.909720 30.989760 -107.688400 40.495280
-85.917480 28.322680 -104.901900 37.627190
-82.929050 25.668410 -102.115700 34.769820
-79.941980 23.038030 -99.356720 31.957570
-76.962720 20.421650 -96.592280 29.139110
-74.007520 17.823510 -93.835620 26.335230
-71.092400 15.226900 -91.121380 23.537850
-68.209240 12.634500 -88.439630 20.740380
-65.354250 10.051970 -85.789780 17.956680
-62.542350 7.481356 -83.146230 15.153920
-59.754040 4.927046 -80.555350 12.421780
-57.009180 2.422195 -78.015180 9.732084
-54.340090 0.009828 -75.542070 7.130550
-51.766990 -2.296378 -73.178470 4.661899
-49.260900 -4.526641 -70.848030 2.252328
-46.853800 -6.677798 -68.609470 -0.071149
-44.569730 -8.685225 -66.474390 -2.239085
-42.404320 -10.528340 -64.452730 -4.230707
-40.364200 -12.198710 -62.538510 -6.057434
-38.389800 -13.695430 -60.672330 -7.706592
-36.423220 -15.003710 -58.810120 -9.157735
-34.423200 -16.097900 -56.899280 -10.389690
-32.364650 -16.913830 -54.911110 -11.359040
-30.265120 -17.411740 -52.860880 -12.012580
-28.163420 -17.604910 -50.797240 -12.360580
-26.110560 -17.459960 -48.735570 -12.370180
-24.143360 -16.987220 -46.745470 -12.056130
-22.296980 -16.217800 -44.845370 -11.434840
-20.604650 -15.231400 -43.083450 -10.584390
-19.008910 -14.153640 -41.396760 -9.634983
-17.427180 -13.090130 -39.744110 -8.687136
-15.874640 -12.069320 -38.124870 -7.766964
-14.363580 -11.106930 -36.538320 -6.908433
-12.922670 -10.242620 -35.025150 -6.132163
-11.574780 -9.466819 -33.606800 -5.440014
-10.317910 -8.788752 -32.298220 -4.839890
-9.188230 -8.193104 -31.125580 -4.322347
-8.211014 -7.716742 -30.113700 -3.903507
-7.426664 -7.335419 -29.290950 -3.564274
-6.732949 -7.004384 -28.575970 -3.264340
-6.081177 -6.624412 -27.898720 -2.945975
-5.489078 -6.233971 -27.277010 -2.599890
-4.934984 -5.802268 -26.695170 -2.214944
-4.339961 -5.285216 -26.069790 -1.730740
-3.697865 -4.592905 -25.382030 -1.088366
-3.037676 -3.769289 -24.656990 -0.321796
-2.408137 -2.790908 -23.959410 0.605933
-1.801721 -1.625169 -23.264160 1.713516
-1.269630 -0.215074 -22.624680 3.061740
-0.812186 1.417145 -22.037480 4.638577
-0.577413 3.304554 -21.618100 6.448973
-0.470925 5.426109 -21.311180 8.480313
-0.476637 7.694492 -21.128210 10.693930
-0.570738 10.119870 -21.029770 13.075150
-0.648451 12.686750 -20.913880 15.617850
-0.748385 15.378500 -20.808060 18.320240
-0.860824 18.191740 -20.695170 21.137390
-0.998219 21.084400 -20.593920 24.054760
-1.176238 24.100490 -20.524140 27.086760
-1.395968 27.224660 -20.489250 30.219970
-1.640741 30.420880 -20.474740 33.448220
-1.879320 33.664680 -20.453290 36.722960
-2.150183 36.923590 -20.462130 40.009690
-2.397389 40.249040 -20.460840 43.338590
-2.638864 43.594280 -20.449930 46.707230
-2.848280 46.962570 -20.406360 50.074370
-3.041372 50.356970 -20.348380 53.492810
-3.212653 53.820380 -20.266710 56.941720
-3.380992 57.307360 -20.174320 60.428500
-3.567609 60.834770 -20.087000 63.959360
-3.786600 64.385720 -20.018560 67.515290
-3.981904 67.973540 -19.939110 71.108900
-4.173959 71.565920 -19.860280 74.702290
-4.396788 75.106490 -19.788780 78.247020
-4.593996 78.623730 -19.697950 81.773950
-4.800834 82.136440 -19.605720 85.284550
-5.016400 85.597270 -19.534220 88.741990
-5.214554 89.008160 -19.451910 92.159250
-5.369648 92.435540 -19.333200 95.576210
-5.524006 95.827610 -19.204720 98.973790
