0.000000 -0.000000 0.000000 0.000000
0.287920 2.986691 0.275833 2.982221
0.971569 5.887651 0.946550 5.888569
2.050498 8.646240 2.010286 8.650846
3.483068 11.215600 3.441032 11.255480
5.252124 13.530580 5.208191 13.575840
7.315983 15.554830 7.259169 15.612850
9.617499 17.248350 9.538686 17.286800
12.138440 18.605410 12.053780 18.642320
14.845670 19.655580 14.754990 19.713740
17.710960 20.442900 17.622570 20.522740
20.708720 20.958900 20.614360 21.048270
23.853650 21.214680 23.774170 21.333770
27.127230 21.215640 27.049200 21.358230
30.502910 21.029600 30.433160 21.181500
33.942320 20.718590 33.887620 20.890960
37.526800 20.278900 37.485150 20.470270
41.305500 19.746480 41.278350 19.960560
45.281370 19.137530 45.279210 19.379490
49.442010 18.473180 49.474770 18.727440
53.784140 17.768220 53.873080 18.027800
58.319700 17.046980 58.453020 17.317230
63.045640 16.314830 63.250750 16.589350
67.933580 15.564290 68.205220 15.851280
72.949570 14.807080 73.278060 15.096290
78.112070 14.037650 78.487040 14.329870
83.403150 13.249300 83.833680 13.542270
88.827470 12.428430 89.320610 12.725340
94.384170 11.569350 94.928200 11.876400
100.052700 10.639880 100.652800 10.955850
105.791000 9.611618 106.450400 9.935775
111.620600 8.486629 112.322500 8.821419
117.518200 7.246929 118.270300 7.578692
123.481700 5.883248 124.280100 6.216476
129.500400 4.402279 130.336300 4.734631
135.583700 2.806947 136.453400 3.127386
141.730400 1.132152 142.637600 1.443854
147.930500 -0.644931 148.874200 -0.331157
154.181200 -2.533182 155.157800 -2.221654
160.473700 -4.525316 161.494200 -4.209595
166.825700 -6.614701 167.902600 -6.303532
173.224500 -8.806086 174.347600 -8.498510
179.671400 -11.085600 180.831500 -10.772970
186.169900 -13.447970 187.367500 -13.138290
192.708700 -15.908790 193.960400 -15.599050
199.295800 -18.474840 200.580400 -18.159120
205.877000 -21.127230 207.213500 -20.813730
212.474400 -23.878960 213.854600 -23.545630
219.085400 -26.695130 220.502000 -26.353540
225.674300 -29.566300 227.142800 -29.220630
232.258400 -32.511370 233.777300 -32.182470
238.826600 -35.515520 240.389700 -35.187670
245.357100 -38.591140 246.972400 -38.268950
251.842400 -41.746310 253.507700 -41.433650
258.295100 -44.977770 260.012700 -44.669280
264.734000 -48.300070 266.483800 -48.019920
271.174400 -51.720410 272.940700 -51.454390
277.658000 -55.253110 279.449800 -54.997110
284.188500 -58.892510 286.010500 -58.651810
290.770400 -62.649290 292.590500 -62.440960
297.421200 -66.505210 299.272100 -66.319900
304.114100 -70.451700 305.985300 -70.280620
310.871400 -74.512450 312.775800 -74.348690
317.638300 -78.729880 319.559100 -78.581260
324.412000 -83.100090 326.318600 -82.956150
331.147700 -87.570510 333.059100 -87.434180
337.838900 -92.151540 339.776800 -92.033490
344.489200 -96.836160 346.425500 -96.722560
351.109400 -101.590900 353.063400 -101.501800
357.680900 -106.441100 359.644400 -106.366600
364.205100 -111.363100 366.181200 -111.307200
370.654300 -116.349400 372.632200 -116.319500
377.044400 -121.373300 379.008500 -121.339800
383.353100 -126.497900 385.321000 -126.505200
389.648900 -131.627300 391.618500 -131.677900
395.838500 -136.824400 397.804500 -136.917900
401.977500 -142.068800 403.967600 -142.244400
408.063900 -147.386100 410.047400 -147.602500
414.119900 -152.725600 416.110100 -153.021200
420.140100 -158.070100 422.132600 -158.432800
426.135700 -163.442300 428.125100 -163.875100
432.096100 -168.831000 434.092000 -169.364200
438.042000 -174.202900 440.032200 -174.828100
444.039200 -179.520000 446.005200 -180.204400
450.064000 -184.791600 452.015100 -185.550600
456.158000 -189.992400 458.065600 -190.804400
462.246200 -195.183000 464.131900 -196.084000
468.350900 -200.337600 470.214900 -201.315900
474.468300 -205.478700 476.292100 -206.533400
480.606000 -210.588600 482.382200 -211.707500
486.757700 -215.677000 488.486900 -216.842300
492.916600 -220.757600 494.598700 -221.962200
499.072200 -225.827000 500.743800 -227.098800
505.239000 -230.914300 506.879500 -232.225300
511.393900 -235.996900 512.998500 -237.350400
517.549300 -241.076200 519.132000 -242.478600
523.710600 -246.155700 525.271300 -247.614700
529.865100 -251.222800 531.400100 -252.751800
536.037700 -256.292500 537.519700 -257.869700
542.213600 -261.366100 543.656000 -262.993100
548.376000 -266.436600 549.779700 -268.109700
554.549300 -271.525400 555.906700 -273.239100
560.720400 -276.614600 562.031400 -278.380100
566.895900 -281.702100 568.140300 -283.506600
573.077300 -286.787100 574.255300 -288.621700
579.254000 -291.852900 580.358100 -293.723200
585.438300 -296.913900 586.468500 -298.801300
591.610800 -301.938300 592.579000 -303.856600
597.802700 -306.948800 598.703100 -308.893500
604.002400 -311.952300 604.841600 -313.921600
610.204100 -316.963500 610.977700 -318.952900
616.401400 -321.978100 617.094700 -323.976800
622.606700 -326.989100 623.261100 -329.031000
628.813800 -331.994200 629.421400 -334.073400
635.032400 -336.999800 635.580700 -339.107000
641.237400 -341.988600 641.767200 -344.138700
647.445400 -346.968600 647.926600 -349.138000
653.662300 -351.935500 654.103800 -354.116100
659.877900 -356.880600 660.278500 -359.091000
666.112000 -361.828900 666.470800 -364.053800
672.350500 -366.769500 672.676100 -369.019700
678.587600 -371.720300 678.845000 -373.968000
684.819800 -376.684200 685.023500 -378.938000
691.040800 -381.648800 691.180700 -383.903200
697.271000 -386.614300 697.382700 -388.887900
703.506500 -391.568600 703.568100 -393.833300
709.744100 -396.517700 709.749400 -398.772500
715.983900 -401.433800 715.943700 -403.701000
722.229600 -406.329600 722.153900 -408.618300
728.498300 -411.207700 728.349900 -413.488400
734.766400 -416.073400 734.551300 -418.333300
741.047900 -420.934000 740.724500 -423.154800
747.328900 -425.791700 746.946200 -427.998200
753.611600 -430.654100 753.181200 -432.840400
759.909100 -435.497600 759.432500 -437.669600
766.234600 -440.329500 765.680500 -442.463900
772.573000 -445.140400 771.945600 -447.234800
778.917600 -449.932200 778.235600 -451.983500
785.270600 -454.711000 784.504000 -456.731000
791.604400 -459.487600 790.758100 -461.469100
797.914000 -464.271400 796.957400 -466.189000
804.202800 -469.044800 803.133000 -470.871100
810.490200 -473.819600 809.341100 -475.576200
816.791500 -478.590500 815.570900 -480.270200
823.116400 -483.340400 821.828700 -484.964500
829.464500 -488.061400 828.115400 -489.644600
835.854100 -492.776100 834.435600 -494.320300
842.262300 -497.485400 840.761900 -498.971900
848.682700 -502.196400 847.093500 -503.630200
855.114700 -506.913500 853.385900 -508.273500
861.557000 -511.637000 859.727100 -512.936600
868.011600 -516.355400 866.053400 -517.571000
874.441900 -521.049300 872.370600 -522.181700
880.882200 -525.706500 878.699100 -526.765200
887.323800 -530.307900 885.047700 -531.296100
893.755000 -534.861900 891.352300 -535.758700
900.174200 -539.374300 897.668200 -540.191300
906.591000 -543.848100 903.976700 -544.594700
912.989900 -548.291900 910.251400 -548.947600
919.400600 -552.731200 916.548500 -553.305400
925.806600 -557.125700 922.767900 -557.598000
932.226300 -561.535200 929.013800 -561.930600
938.632500 -565.932700 935.248500 -566.235500
945.057500 -570.322000 941.468900 -570.507300
951.507700 -574.710200 947.785100 -574.822000
957.980400 -579.074900 954.098600 -579.095100
964.464000 -583.424600 960.410200 -583.353500
970.963300 -587.758200 966.728800 -587.599700
977.455300 -592.093300 973.022100 -591.830400
983.961700 -596.421100 979.345100 -596.076700
990.461700 -600.766400 985.655500 -600.323500
996.966300 -605.096100 992.017100 -604.593700
1003.471000 -609.407800 998.334000 -608.816000
1009.973000 -613.695400 1004.644000 -613.018900
1016.458000 -617.959200 1010.952000 -617.207200
1022.925000 -622.217200 1017.236000 -621.378200
1029.367000 -626.452700 1023.498000 -625.537600
1035.804000 -630.641600 1029.705000 -629.625500
1042.231000 -634.798800 1035.928000 -633.689700
1048.656000 -638.946200 1042.141000 -637.742400
1055.084000 -643.051500 1048.368000 -641.763600
1061.525000 -647.144100 1054.574000 -645.751400
1067.966000 -651.185500 1060.811000 -649.721100
1074.401000 -655.235300 1067.064000 -653.694000
1080.840000 -659.293400 1073.318000 -657.662000
1087.270000 -663.328400 1079.567000 -661.616700
1093.718000 -667.347400 1085.860000 -665.576200
1100.195000 -671.340900 1092.117000 -669.469900
1106.668000 -675.317100 1098.386000 -673.334600
1113.157000 -679.272000 1104.673000 -677.187300
1119.659000 -683.201000 1110.990000 -681.027500
1126.198000 -687.131900 1117.314000 -684.859800
1132.753000 -691.046400 1123.649000 -688.666700
1139.341000 -694.955400 1130.016000 -692.464400
1145.954000 -698.852200 1136.418000 -696.253900
1152.585000 -702.740800 1142.824000 -700.037400
1159.229000 -706.637800 1149.237000 -703.820600
1165.886000 -710.538400 1155.659000 -707.630600
1172.562000 -714.459000 1162.095000 -711.449300
1179.271000 -718.394000 1168.576000 -715.289100
1186.021000 -722.344800 1175.109000 -719.132900
1192.784000 -726.294800 1181.629000 -722.979100
1199.585000 -730.258400 1188.177000 -726.814600
1206.417000 -734.212600 1194.771000 -730.658600
1213.283000 -738.159200 1201.387000 -734.483300
1220.173000 -742.105200 1208.026000 -738.295800
1227.101000 -746.027900 1214.723000 -742.102400
1234.074000 -749.929400 1221.442000 -745.873900
1241.082000 -753.823500 1228.199000 -749.641500
1248.123000 -757.717500 1235.005000 -753.413200
1255.209000 -761.611600 1241.849000 -757.183300
1262.318000 -765.501500 1248.704000 -760.952200
1269.473000 -769.393200 1255.590000 -764.710800
1276.670000 -773.287000 1262.502000 -768.471800
1283.885000 -777.170800 1269.465000 -772.226900
1291.103000 -781.040700 1276.431000 -775.975000
1298.329000 -784.899000 1283.415000 -779.708300
1305.561000 -788.742100 1290.417000 -783.452700
1312.794000 -792.571300 1297.408000 -787.166300
1320.032000 -796.384600 1304.403000 -790.868200
1327.287000 -800.172300 1311.403000 -794.548800
1334.542000 -803.950000 1318.388000 -798.216400
1341.797000 -807.723100 1325.406000 -801.875700
1349.058000 -811.481900 1332.430000 -805.513200
1356.319000 -815.232700 1339.475000 -809.144600
1363.568000 -818.960500 1346.478000 -812.735500
1370.797000 -822.663500 1353.482000 -816.318500
1378.014000 -826.342400 1360.475000 -819.876900
1385.241000 -830.002800 1367.475000 -823.411700
1392.473000 -833.639800 1374.507000 -826.926100
1399.712000 -837.258600 1381.528000 -830.412500
1406.940000 -840.856000 1388.535000 -833.872200
1414.145000 -844.419900 1395.525000 -837.299000
1421.338000 -847.958700 1402.499000 -840.685800
1428.540000 -851.473700 1409.451000 -844.040500
1435.735000 -854.974700 1416.459000 -847.395800
1442.936000 -858.462100 1423.452000 -850.744800
1450.116000 -861.922600 1430.411000 -854.065500
1457.288000 -865.353900 1437.384000 -857.351000
1464.432000 -868.758100 1444.300000 -860.611800
1471.550000 -872.135000 1451.192000 -863.846900
1478.642000 -875.485100 1458.047000 -867.040100
1485.696000 -878.796500 1464.863000 -870.219400
1492.712000 -882.085000 1471.644000 -873.371900
1499.686000 -885.346400 1478.363000 -876.505800
1506.608000 -888.579300 1485.060000 -879.619000
1513.510000 -891.787400 1491.715000 -882.698500
1520.388000 -894.966500 1498.350000 -885.741900
1527.242000 -898.117000 1504.958000 -888.760900
1534.067000 -901.240100 1511.545000 -891.759400
1540.873000 -904.334900 1518.108000 -894.721600
1547.641000 -907.393900 1524.621000 -897.652500
1554.374000 -910.425200 1531.105000 -900.554000
1561.071000 -913.426300 1537.542000 -903.427400
1567.716000 -916.424100 1543.919000 -906.297100
1574.331000 -919.426300 1550.281000 -909.171000
1580.910000 -922.431500 1556.605000 -912.040500
1587.477000 -925.449400 1562.901000 -914.917700
1593.998000 -928.484000 1569.146000 -917.822300
1600.456000 -931.552300 1575.344000 -920.765600
1606.851000 -934.653500 1581.465000 -923.749000
1613.177000 -937.795300 1587.504000 -926.761200
1619.446000 -940.960600 1593.492000 -929.803200
1625.639000 -944.138700 1599.387000 -932.845000
1631.780000 -947.302000 1605.241000 -935.873600
1637.876000 -950.461600 1611.012000 -938.897700
1643.920000 -953.598100 1616.730000 -941.893700
1649.931000 -956.702500 1622.416000 -944.874200
1655.907000 -959.742900 1628.068000 -947.798600
1661.857000 -962.732200 1633.649000 -950.641500
1667.828000 -965.652000 1639.231000 -953.429800
1673.786000 -968.517000 1644.844000 -956.181000
1679.740000 -971.331200 1650.408000 -958.868400
1685.682000 -974.128800 1655.961000 -961.543600
1691.585000 -976.910500 1661.522000 -964.222400
1697.460000 -979.678900 1667.058000 -966.896800
1703.321000 -982.431100 1672.554000 -969.542800
1709.144000 -985.145100 1677.976000 -972.136100
1714.950000 -987.831400 1683.452000 -974.717300
1720.748000 -990.466700 1688.864000 -977.236600
1726.528000 -993.063100 1694.255000 -979.713800
1732.261000 -995.615600 1699.633000 -982.157300
1737.915000 -998.126400 1704.946000 -984.564400
1743.475000 -1000.590000 1710.172000 -986.922900
1748.971000 -1002.990000 1715.318000 -989.250000
1754.388000 -1005.375000 1720.384000 -991.543400
1759.751000 -1007.751000 1725.404000 -993.820900
1764.998000 -1010.123000 1730.357000 -996.109300
1770.113000 -1012.467000 1735.185000 -998.365300
1775.097000 -1014.785000 1739.890000 -1000.591000
1779.954000 -1017.080000 1744.483000 -1002.796000
1784.649000 -1019.347000 1748.908000 -1004.967000
1789.178000 -1021.604000 1753.158000 -1007.119000
1793.508000 -1023.881000 1757.210000 -1009.295000
1797.645000 -1026.269000 1761.087000 -1011.583000
1801.573000 -1028.814000 1764.746000 -1014.004000
1805.302000 -1031.525000 1768.226000 -1016.604000
1808.823000 -1034.439000 1771.470000 -1019.393000
1812.120000 -1037.563000 1774.506000 -1022.397000
1815.169000 -1040.921000 1777.292000 -1025.634000
1817.931000 -1044.484000 1779.779000 -1029.076000
1820.326000 -1048.207000 1781.962000 -1032.714000
1822.465000 -1052.152000 1783.836000 -1036.534000
1824.255000 -1056.260000 1785.359000 -1040.515000
1825.688000 -1060.491000 1786.539000 -1044.635000
1826.758000 -1064.825000 1787.358000 -1048.858000
1827.464000 -1069.230000 1787.822000 -1053.175000
1827.812000 -1073.687000 1787.930000 -1057.555000
1827.812000 -1078.165000 1787.696000 -1061.958000
1827.468000 -1082.643000 1787.145000 -1066.371000
1826.704000 -1087.072000 1786.249000 -1070.788000
1825.633000 -1091.489000 1784.993000 -1075.160000
1824.183000 -1095.811000 1783.377000 -1079.450000
1822.357000 -1099.995000 1781.408000 -1083.621000
1820.139000 -1103.994000 1779.106000 -1087.630000
1817.589000 -1107.799000 1776.475000 -1091.410000
1814.723000 -1111.351000 1773.541000 -1094.960000
1811.551000 -1114.626000 1770.324000 -1098.249000
1808.088000 -1117.606000 1766.851000 -1101.248000
1804.284000 -1120.246000 1763.120000 -1103.967000
1800.315000 -1122.623000 1759.182000 -1106.385000
1796.124000 -1124.692000 1755.037000 -1108.502000
1791.742000 -1126.471000 1750.736000 -1110.335000
1787.194000 -1127.955000 1746.277000 -1111.884000
1782.506000 -1129.180000 1741.699000 -1113.172000
1777.702000 -1130.193000 1737.029000 -1114.264000
1772.797000 -1131.038000 1732.274000 -1115.196000
1767.796000 -1131.740000 1727.415000 -1115.991000
1762.736000 -1132.348000 1722.506000 -1116.703000
1757.655000 -1132.885000 1717.566000 -1117.347000
1752.565000 -1133.366000 1712.613000 -1117.938000
1747.458000 -1133.818000 1707.649000 -1118.505000
1742.342000 -1134.251000 1702.667000 -1119.046000
1737.220000 -1134.667000 1697.675000 -1119.578000
1732.115000 -1135.064000 1692.700000 -1120.092000
1727.075000 -1135.441000 1687.785000 -1120.581000
1722.082000 -1135.788000 1682.937000 -1121.033000
1717.161000 -1136.086000 1678.157000 -1121.441000
1712.341000 -1136.271000 1673.483000 -1121.731000
1707.613000 -1136.285000 1668.904000 -1121.861000
1703.031000 -1136.085000 1664.477000 -1121.763000
1698.586000 -1135.613000 1660.201000 -1121.388000
1694.241000 -1134.791000 1656.062000 -1120.715000
1689.991000 -1133.671000 1652.036000 -1119.684000
1685.870000 -1132.171000 1648.177000 -1118.286000
1681.961000 -1130.284000 1644.511000 -1116.504000
1678.306000 -1127.996000 1641.113000 -1114.338000
1674.826000 -1125.267000 1637.973000 -1111.794000
1671.787000 -1122.274000 1635.193000 -1108.919000
1669.099000 -1118.972000 1632.772000 -1105.749000
1666.783000 -1115.408000 1630.723000 -1102.329000
1664.817000 -1111.609000 1629.026000 -1098.667000
1663.209000 -1107.637000 1627.690000 -1094.832000
1661.958000 -1103.507000 1626.673000 -1090.827000
1661.115000 -1099.284000 1626.065000 -1086.733000
1660.724000 -1094.939000 1625.900000 -1082.525000
1660.665000 -1090.516000 1626.135000 -1078.273000
1661.140000 -1086.159000 1626.790000 -1074.038000
1662.049000 -1081.841000 1627.845000 -1069.835000
1663.374000 -1077.556000 1629.311000 -1065.667000
1665.055000 -1073.325000 1631.114000 -1061.529000
1667.040000 -1069.131000 1633.206000 -1057.445000
1669.233000 -1064.989000 1635.508000 -1053.365000
1671.640000 -1060.840000 1637.988000 -1049.292000
1674.135000 -1056.683000 1640.547000 -1045.170000
1676.716000 -1052.451000 1643.186000 -1041.000000
1679.381000 -1048.145000 1645.874000 -1036.779000
