0.000000 -0.000000 0.000000 0.000000
0.003267 4.566315 -0.025564 4.609101
-0.031716 9.099118 -0.079579 9.160729
-0.081952 13.587370 -0.132089 13.676680
-0.172757 18.042800 -0.221565 18.170360
-0.267875 22.451640 -0.301309 22.620990
-0.358400 26.802010 -0.391118 27.011320
-0.442803 31.082040 -0.451965 31.337080
-0.523018 35.271990 -0.513427 35.559240
-0.611006 39.330190 -0.580327 39.649680
-0.673187 43.239550 -0.624831 43.585430
-0.695957 46.977480 -0.597227 47.353390
-0.690361 50.605530 -0.567732 50.997220
-0.609462 54.132960 -0.450073 54.541120
-0.411112 57.531050 -0.228743 57.972600
-0.030280 60.807340 0.197402 61.279650
0.568852 63.940690 0.824143 64.432290
1.400581 66.903860 1.669786 67.440140
2.445156 69.702430 2.743823 70.278470
3.697183 72.300100 4.012263 72.903360
5.171922 74.740420 5.540086 75.416590
6.852965 76.941870 7.239725 77.641870
8.750799 78.905900 9.159578 79.632250
10.823450 80.634320 11.229920 81.376150
13.066210 82.178440 13.497100 82.901250
15.504950 83.526400 15.949410 84.195150
18.101340 84.588810 18.559530 85.225620
20.853170 85.339470 21.312310 85.940370
23.704110 85.757740 24.166050 86.300770
26.596700 85.903500 27.085430 86.401840
29.539120 85.860020 30.057960 86.313190
32.495530 85.669740 33.041980 86.078660
35.473920 85.419290 36.041230 85.774630
38.479390 85.150930 39.075370 85.450380
41.523140 84.840110 42.149620 85.115160
44.591610 84.512730 45.242050 84.763750
47.698590 84.159740 48.380670 84.383640
50.851300 83.780360 51.562620 83.983260
54.021280 83.370120 54.744540 83.539140
57.236480 82.963200 57.971140 83.110220
60.484150 82.564450 61.224930 82.685470
63.801630 82.126570 64.554090 82.211210
67.115350 81.671290 67.885540 81.709760
70.485000 81.248710 71.278300 81.254690
73.889090 80.831410 74.691570 80.793980
77.339480 80.402860 78.146400 80.316760
80.814430 79.981940 81.624170 79.837830
84.311560 79.560560 85.161260 79.340630
87.843140 79.132970 88.761890 78.823240
91.452740 78.712050 92.408560 78.338900
95.109110 78.302620 96.080560 77.845290
98.802080 77.939830 99.790510 77.384200
102.537600 77.577720 103.579700 76.910300
106.283100 77.182590 107.378900 76.407860
110.001900 76.763780 111.143800 75.887400
113.690700 76.253080 114.875700 75.258340
117.341000 75.581300 118.549700 74.500660
120.903700 74.751300 122.121300 73.552760
124.437500 73.785660 125.652700 72.506620
127.882800 72.651860 129.066700 71.277750
131.253600 71.361680 132.428800 69.886940
134.528800 69.931300 135.691800 68.357710
137.742000 68.328450 138.907200 66.646510
140.926800 66.546730 142.096300 64.763370
144.031200 64.574810 145.188300 62.709720
147.051200 62.406270 148.182800 60.458710
149.969500 60.049300 151.058600 58.011130
152.781800 57.504160 153.818600 55.385650
155.436800 54.746640 156.426900 52.551770
157.947400 51.752940 158.808800 49.519140
160.279800 48.634580 160.929500 46.309270
162.349000 45.353340 162.826100 42.966010
164.179800 41.946720 164.511300 39.533680
165.830900 38.447790 166.027200 36.004950
167.335400 34.861970 167.394000 32.386250
168.691200 31.242820 168.610900 28.741400
169.969500 27.582240 169.821800 25.060490
171.127300 23.900190 170.981500 21.385190
172.263200 20.221330 172.107200 17.706890
173.377000 16.599090 173.257000 14.016750
174.627000 13.004350 174.460500 10.341750
175.942500 9.442182 175.705300 6.715237
177.356800 5.917093 177.060500 3.128622
178.928800 2.434985 178.536100 -0.365829
180.675800 -0.971876 180.177800 -3.831398
182.554400 -4.252484 181.970400 -7.177083
184.560700 -7.384682 183.903300 -10.355930
186.750900 -10.368790 186.018900 -13.396970
189.116500 -13.135630 188.333600 -16.240400
191.665700 -15.656880 190.816300 -18.820590
194.385900 -17.931220 193.474400 -21.155870
197.226100 -19.980800 196.323300 -23.272990
200.271800 -21.743030 199.347900 -25.110910
203.448300 -23.203180 202.522200 -26.643680
206.758900 -24.325190 205.867100 -27.861350
210.184300 -25.068170 209.292800 -28.707440
213.630700 -25.424490 212.776400 -29.177500
217.117000 -25.407460 216.276200 -29.262240
220.571900 -25.039820 219.831100 -29.013080
224.021200 -24.363710 223.336100 -28.444940
227.429900 -23.372920 226.814000 -27.551090
230.747500 -22.058700 230.198000 -26.335720
233.928400 -20.443850 233.481300 -24.818770
237.019600 -18.526770 236.621200 -22.973030
239.961000 -16.355940 239.629200 -20.867860
242.779800 -13.984550 242.498400 -18.562270
245.458500 -11.414060 245.244300 -16.043810
247.997000 -8.674394 247.858000 -13.353790
250.390600 -5.759310 250.329500 -10.487170
252.655600 -2.686673 252.682700 -7.466491
254.806500 0.534019 254.922400 -4.315486
256.864000 3.862410 257.092800 -1.023523
258.884400 7.263272 259.231600 2.334678
260.877600 10.718320 261.346200 5.738255
262.828700 14.222610 263.413900 9.179558
264.741600 17.745920 265.430700 12.629880
266.637600 21.266150 267.439200 16.085690
268.527700 24.786100 269.439200 19.544710
270.375000 28.334210 271.455800 23.000210
272.219500 31.917810 273.499600 26.486780
274.124700 35.502240 275.549400 30.016210
276.050500 39.060050 277.617200 33.565380
277.989700 42.665330 279.702200 37.166140
279.912600 46.301830 281.778700 40.749890
281.775800 49.949900 283.836900 44.322790
283.563100 53.532720 285.821400 47.845130
285.356500 57.056770 287.774800 51.376960
287.075600 60.536460 289.633800 54.825910
288.712000 63.954910 291.426700 58.234480
290.293900 67.289100 293.157900 61.555470
291.871100 70.559820 294.893500 64.815570
293.538100 73.753600 296.714300 68.003410
295.351100 76.864560 298.655100 71.084000
297.261700 79.892800 300.733200 74.061840
299.367900 82.771990 302.988600 76.883080
301.654700 85.444430 305.407100 79.490180
304.129900 87.873730 308.016800 81.871210
306.795800 90.009740 310.791100 83.967710
309.610300 91.815310 313.708400 85.704890
312.540600 93.287990 316.752000 87.137680
315.589700 94.424870 319.873700 88.182880
318.731100 95.231100 323.077800 88.941140
321.947000 95.719040 326.331300 89.317110
325.202000 95.875140 329.579500 89.373060
328.404100 95.672520 332.748600 89.064020
331.635400 95.086030 335.873100 88.427010
334.756200 94.171900 338.914600 87.442390
337.636900 92.963350 341.812400 86.131990
340.363200 91.461070 344.539700 84.513340
342.964100 89.692180 347.146600 82.567130
345.403300 87.579170 349.548300 80.296360
347.592200 85.092570 351.720600 77.731340
349.463400 82.321490 353.555700 74.900630
351.002500 79.397790 355.037800 71.916570
352.204000 76.402830 356.180200 68.872570
353.107800 73.306490 357.001100 65.738120
353.811200 70.096650 357.618800 62.599820
354.464700 66.889050 358.180300 59.379190
355.047400 63.664610 358.654600 56.143110
355.500500 60.449100 359.039500 52.920140
355.866900 57.296080 359.346900 49.743890
356.198500 54.208160 359.611000 46.645640
356.525800 51.221050 359.921900 43.641610
356.961300 48.369400 360.304900 40.774900
357.538900 45.752540 360.814500 38.120910
358.275300 43.388830 361.485300 35.728810
359.266800 41.238890 362.416700 33.545930
360.571800 39.373830 363.671800 31.640530
362.156300 37.835540 365.194400 30.079370
363.974400 36.638300 366.961800 28.872140
366.080400 35.761110 369.020800 27.985280
368.547300 35.234490 371.361900 27.412720
371.148400 35.045060 373.876100 27.167090
373.899500 35.175270 376.586900 27.238510
376.698100 35.611110 379.391600 27.600180
379.470900 36.322790 382.213900 28.235030
382.212100 37.294470 384.992100 29.124170
384.867700 38.517990 387.699000 30.254160
387.364100 39.991850 390.282200 31.667000
389.701500 41.780710 392.697600 33.386170
391.802700 43.839190 394.910600 35.376230
393.689400 46.099010 396.911700 37.591370
395.383900 48.474340 398.732500 39.920280
396.942200 50.928340 400.414200 42.331980
398.325500 53.450140 401.917700 44.819200
399.544900 56.052550 403.257200 47.392880
400.579700 58.728940 404.430500 50.062660
401.390700 61.486590 405.407300 52.821290
401.978000 64.333130 406.146300 55.679980
402.335300 67.250270 406.651800 58.634690
402.474600 70.259740 406.915200 61.679390
402.447300 73.356030 406.996900 64.828290
402.341800 76.540880 406.995200 68.065950
402.228800 79.805450 406.946400 71.377880
402.075400 83.156280 406.861000 74.789240
401.927800 86.597120 406.766500 78.272930
401.721900 90.113350 406.638400 81.820930
401.455800 93.737450 406.479400 85.470240
401.169200 97.438860 406.314200 89.187700
400.835400 101.196700 406.099800 92.974290
400.479100 104.981000 405.865800 96.800600
400.086700 108.745200 405.610500 100.593800
399.638200 112.493800 405.285600 104.385000
399.138700 116.226700 404.919700 108.157700
398.603300 119.924700 404.518800 111.896000
398.025400 123.612000 404.080800 115.626200
397.409200 127.314800 403.633300 119.357100
396.829000 131.013100 403.234700 123.085100
396.222300 134.687900 402.794300 126.794500
395.601900 138.281700 402.375600 130.497000
395.033400 141.881600 401.994700 134.197100
394.483600 145.487500 401.608200 137.888100
393.961300 149.091800 401.250500 141.554100
393.456700 152.724500 400.906900 145.255400
392.964400 156.362200 400.572500 148.956700
392.473900 160.012200 400.226200 152.659600
391.988000 163.681600 399.884800 156.379300
391.511200 167.360500 399.556900 160.112400
391.037700 171.040400 399.233600 163.849200
390.574400 174.743200 398.914700 167.615300
390.110100 178.440800 398.600600 171.366900
389.662900 182.147700 398.310800 175.129400
389.244100 185.891700 398.071000 178.907300
388.894800 189.677500 397.918000 182.700400
388.606000 193.461200 397.820600 186.504100
388.392800 197.250000 397.782700 190.316600
388.242200 201.058600 397.810400 194.149800
388.167200 204.843700 397.915200 197.976900
388.164900 208.656700 398.091800 201.823200
388.225800 212.467100 398.327100 205.679800
388.337900 216.277100 398.599300 209.549100
388.518500 220.100100 398.952700 213.412600
388.781300 223.924000 399.375000 217.260200
389.110400 227.762200 399.861400 221.110500
389.519500 231.600300 400.446800 224.985400
390.000700 235.455300 401.102800 228.862600
390.533100 239.323100 401.802300 232.749100
391.126500 243.191800 402.571000 236.619900
391.817200 247.082900 403.449200 240.495400
392.446500 250.991000 404.410700 244.369400
393.192700 254.933200 405.495700 248.244500
394.129800 258.841200 406.692900 252.110700
395.212400 262.725700 407.975300 255.972800
396.381300 266.559900 409.308800 259.782700
397.591700 270.309200 410.703800 263.506700
398.915600 273.988100 412.139400 267.177800
400.261600 277.620100 413.631900 270.798300
401.674900 281.230100 415.177800 274.415900
403.099300 284.836200 416.754600 278.030600
404.552600 288.368900 418.341900 281.570200
405.981400 291.858600 419.939600 285.063600
407.396700 295.286300 421.514200 288.490500
408.787500 298.654400 423.059400 291.840500
410.160300 301.970700 424.597900 295.150400
411.532700 305.248600 426.112900 298.387500
412.910200 308.514300 427.643800 301.629500
414.286500 311.815200 429.173600 304.903900
415.632400 315.158100 430.694400 308.190000
416.955300 318.554600 432.269400 311.501200
418.356500 321.950200 433.970400 314.850500
419.919100 325.360500 435.805800 318.217800
421.619500 328.772700 437.719700 321.582700
423.465300 332.205100 439.789100 324.964700
425.389400 335.648500 441.934600 328.334200
427.393700 339.062100 444.168100 331.687500
429.441400 342.427400 446.424200 334.974800
431.502800 345.736000 448.676600 338.196600
433.555500 349.037600 450.934900 341.432900
435.647400 352.345100 453.221600 344.643000
437.737700 355.673900 455.528300 347.880300
439.858900 359.019800 457.839000 351.119400
441.938400 362.354800 460.146300 354.365300
444.011500 365.707600 462.433100 357.624300
446.074200 369.043000 464.706200 360.869300
448.108100 372.393000 466.969000 364.108900
450.106200 375.748500 469.223200 367.339800
452.077600 379.076100 471.496400 370.574400
454.072700 382.382200 473.779800 373.782200
456.149900 385.671800 476.070600 376.973700
458.224600 388.968400 478.375500 380.165400
460.351800 392.205600 480.717500 383.319600
462.503100 395.388100 483.055000 386.413700
464.568500 398.419600 485.328400 389.368900
466.632000 401.347200 487.575200 392.207500
468.654400 404.221700 489.771000 394.996400
470.657600 407.038900 491.946400 397.700800
472.677800 409.783700 494.104800 400.367900
474.657200 412.487100 496.227600 402.976400
476.592600 415.139500 498.306400 405.529600
478.496300 417.710700 500.338400 408.019800
480.372100 420.213300 502.337900 410.435500
482.195400 422.602900 504.294900 412.727200
483.955500 424.843700 506.180500 414.890300
485.628500 426.923600 507.996900 416.907800
487.190800 428.865800 509.711500 418.782300
488.699400 430.731200 511.343700 420.584900
490.108000 432.491800 512.859200 422.283100
491.375400 434.138900 514.232300 423.849500
492.521700 435.661300 515.498000 425.315200
493.585300 437.088500 516.669700 426.702400
494.601900 438.498800 517.790200 428.074300
495.493900 439.942600 518.777500 429.481600
496.198400 441.455900 519.584300 430.960500
496.643000 443.038900 520.128900 432.519700
496.894900 444.688300 520.471700 434.160000
496.838300 446.434300 520.560500 435.915400
496.587000 448.236400 520.429400 437.729500
496.020500 450.035800 520.032700 439.576600
495.316800 451.880800 519.435300 441.454800
494.382600 453.714700 518.610500 443.348000
493.357500 455.591800 517.701700 445.301600
492.259600 457.525200 516.745200 447.299300
491.138900 459.531700 515.746000 449.393800
489.968800 461.583000 514.706500 451.556800
488.778600 463.722100 513.637900 453.780800
487.527700 465.987400 512.502500 456.121700
486.241900 468.332900 511.331600 458.545400
484.929200 470.750300 510.125200 461.028800
483.595100 473.196800 508.899900 463.567400
482.240900 475.680400 507.648000 466.145400
480.881200 478.179700 506.403800 468.732700
479.506700 480.715200 505.147000 471.360600
478.139700 483.249600 503.872200 474.005400
476.741800 485.776600 502.584500 476.636300
475.327000 488.358200 501.285900 479.314200
473.905700 490.923000 499.995500 481.962700
472.463600 493.499100 498.692800 484.619700
471.030900 496.048700 497.388600 487.293200
469.654400 498.493900 496.133100 489.839100
468.311000 500.883700 494.918900 492.337200
467.003300 503.201000 493.741400 494.738300
465.767600 505.385700 492.616200 497.016600
464.618000 507.421200 491.585600 499.130000
463.563200 509.303500 490.639500 501.075300
462.581700 511.077100 489.738100 502.926100
461.620900 512.827500 488.878800 504.736600
460.698800 514.516100 488.042900 506.479800
459.825600 516.111800 487.259400 508.142000
459.035800 517.582500 486.528000 509.672200
458.312900 518.912300 485.873600 511.055500
457.589200 520.176600 485.215200 512.372100
456.756600 521.359000 484.452500 513.634600
455.798000 522.446500 483.555700 514.799600
454.695200 523.354600 482.515000 515.774100
453.456700 523.963300 481.320600 516.540400
452.010000 524.448000 479.918200 517.137700
450.370300 524.664900 478.331900 517.494200
448.645800 524.629300 476.585300 517.570600
446.853700 524.242200 474.776400 517.322400
445.001300 523.578900 472.895300 516.784600
443.053700 522.715000 470.927900 516.023300
441.070200 521.621600 468.917200 515.061400
439.068600 520.385000 466.843100 513.929200
437.067600 519.079900 464.749800 512.741400
435.131900 517.711100 462.719600 511.494100
433.248700 516.276400 460.747600 510.175700
431.409100 514.772600 458.818000 508.788300
429.653800 513.188400 456.950400 507.318700
427.979000 511.552500 455.148500 505.784700
426.376200 509.872800 453.416600 504.194700
424.896200 508.159600 451.782300 502.559400
423.477300 506.386900 450.223900 500.878900
422.151700 504.603800 448.744400 499.171100
420.895300 502.757100 447.324100 497.393700
419.698800 500.847600 445.948200 495.543900
418.553100 498.879100 444.622200 493.629600
417.436100 496.852200 443.330200 491.652900
416.341100 494.769800 442.066000 489.611700
415.299400 492.613200 440.841300 487.505300
414.283100 490.400400 439.631900 485.340900
413.291100 488.174100 438.468900 483.164600
412.307400 485.928500 437.307300 480.960500
411.321100 483.659600 436.152100 478.719800
410.385800 481.369500 435.034300 476.455200
409.484300 479.070200 433.953200 474.186200
408.605900 476.771200 432.896900 471.896500
407.747600 474.482200 431.879600 469.602500
406.916200 472.194500 430.903900 467.328600
406.106200 469.923800 429.931400 465.085800
405.321800 467.714100 429.010100 462.901500
404.581200 465.613200 428.143600 460.785500
403.881000 463.647100 427.338900 458.834600
403.196100 461.842900 426.556000 457.039800
402.563700 460.074300 425.789000 455.303000
401.946900 458.305600 425.041400 453.562200
401.296600 456.548600 424.266300 451.847900
400.651300 454.770400 423.484100 450.102700
399.996700 452.984700 422.687500 448.343300
399.329600 451.125900 421.886700 446.511300
398.618400 449.218000 421.047800 444.646700
397.822000 447.249700 420.132300 442.722200
396.969800 445.208000 419.142300 440.723600
396.116100 443.116600 418.134300 438.693100
395.211200 440.967800 417.072800 436.609300
394.287700 438.749400 415.978900 434.470800
393.341900 436.497700 414.879600 432.285100
392.358600 434.221800 413.777500 430.073500
391.343800 431.907700 412.617700 427.833300
390.285600 429.531900 411.418300 425.529100
389.177900 427.104300 410.155700 423.183400
388.002000 424.633000 408.823700 420.791100
386.786000 422.153600 407.443300 418.400100
385.529200 419.645500 406.019700 415.971200
384.252800 417.122900 404.579700 413.527500
382.927300 414.575600 403.096200 411.063400
381.591500 412.030100 401.594500 408.604700
380.224100 409.463100 400.068400 406.121800
378.830100 406.889400 398.504200 403.640500
377.404400 404.303400 396.904300 401.140600
375.940700 401.722300 395.276000 398.661000
374.431300 399.137000 393.590100 396.165100
372.878200 396.550200 391.861000 393.663100
371.286300 393.960100 390.088700 391.160100
369.662600 391.367800 388.287000 388.666100
368.012000 388.798400 386.459000 386.198700
366.357200 386.258300 384.573100 383.723100
364.686300 383.683500 382.675400 381.222800
362.990500 381.103100 380.765800 378.726100
361.274100 378.545400 378.845300 376.259300
359.479500 376.079600 376.940100 373.874900
357.743100 373.713700 375.080000 371.595800
356.046500 371.424400 373.230400 369.401200
354.349500 369.168400 371.386100 367.214400
352.662900 366.944000 369.569000 365.068600
351.018900 364.780500 367.790400 362.982600
349.445300 362.679200 366.074000 360.947600
347.970100 360.669800 364.447600 359.024400
346.587900 358.760700 362.911700 357.195600
345.269200 357.004900 361.458000 355.516300
343.987600 355.420000 360.066300 354.003500
342.722300 353.942300 358.703100 352.614000
341.428400 352.599100 357.312100 351.364900
340.132200 351.423100 355.913300 350.297300
338.769300 350.441200 354.459000 349.403000
337.341700 349.681300 352.945300 348.731600
335.777200 349.128400 351.333000 348.314900
334.132400 348.908200 349.656000 348.192400
332.452400 349.031300 347.995000 348.406000
330.797800 349.428100 346.353900 348.896500
329.211100 350.167300 344.803700 349.728200
327.641800 351.098300 343.313700 350.778200
326.094800 352.236000 341.863000 352.030300
324.512700 353.489700 340.391700 353.390000
322.875800 354.863500 338.857100 354.860800
321.135500 356.302000 337.211000 356.400800
319.250000 357.710100 335.418000 357.911800
317.242300 359.002400 333.511000 359.313600
315.093800 360.160000 331.472000 360.587200
312.852600 361.167400 329.283200 361.726300
310.509200 362.008200 326.988600 362.706600
308.069100 362.662200 324.590000 363.521700
305.560600 363.146700 322.101700 364.173500
302.953900 363.438100 319.519300 364.664800
300.313300 363.558500 316.857400 364.990000
297.631800 363.522600 314.159400 365.172400
294.885100 363.381000 311.402000 365.237800
292.104200 363.172300 308.616800 365.232100
289.300900 362.939000 305.800000 365.205700
286.491000 362.678500 302.952600 365.140800
283.693500 362.370200 300.126400 365.032800
280.920600 362.098000 297.348200 364.942200
278.169000 361.857400 294.576400 364.892100
275.446800 361.657400 291.839900 364.875300
272.737000 361.519800 289.116400 364.928400
270.035600 361.455000 286.409700 365.057000
267.327700 361.497700 283.701500 365.299200
264.630400 361.676000 280.993700 365.678400
261.940300 361.979900 278.309400 366.180200
259.250900 362.413000 275.628500 366.802000
256.573600 362.959900 272.974400 367.549300
253.917300 363.655300 270.358600 368.432400
251.288400 364.497000 267.777100 369.454500
248.680300 365.504900 265.232700 370.658200
246.094700 366.666900 262.745500 372.027900
243.562600 367.994000 260.319900 373.577900
241.083300 369.508300 257.963000 375.293300
238.697300 371.174900 255.738900 377.148800
236.432200 372.983900 253.641800 379.148800
234.282400 374.915600 251.662600 381.258700
232.221400 376.965100 249.793500 383.481800
230.283900 379.136000 248.066100 385.795500
228.445400 381.408600 246.457300 388.207700
226.762700 383.789500 244.998500 390.721100
225.240300 386.284200 243.696900 393.342800
223.870500 388.875300 242.556000 396.054300
222.651800 391.576800 241.570800 398.876300
221.610300 394.407600 240.764900 401.807800
220.731600 397.346700 240.133000 404.827100
220.036100 400.374900 239.692200 407.910200
219.492700 403.546000 239.435600 411.127100
219.131100 406.829700 239.371200 414.448200
218.954900 410.176200 239.504500 417.797100
218.961000 413.566100 239.831000 421.181700
219.145900 416.967900 240.342200 424.558300
219.451900 420.389700 240.979700 427.930100
219.829800 423.806600 241.689200 431.326600
220.310500 427.237200 242.490900 434.726400
220.868900 430.684800 243.367100 438.141000
221.441400 434.161900 244.253400 441.594700
222.038500 437.663400 245.181800 445.069900
222.674200 441.192400 246.119000 448.581000
223.324700 444.766400 247.067000 452.122100
223.976800 448.390400 248.026900 455.706200
224.645100 452.052600 249.009300 459.346500
225.326300 455.738000 250.026600 463.020200
226.013500 459.438200 251.038900 466.690300
226.742700 463.131400 252.101600 470.342500
227.489100 466.830800 253.169700 473.980400
228.247700 470.527000 254.258400 477.624300
229.012100 474.215100 255.368300 481.255200
229.762000 477.897100 256.461400 484.879800
230.499300 481.567900 257.541600 488.501800
231.252900 485.238400 258.646900 492.141600
232.010300 488.886300 259.746700 495.745600
232.763300 492.531800 260.842400 499.329100
233.545900 496.169700 261.951800 502.905100
234.328200 499.811600 263.068100 506.473700
235.108100 503.420000 264.194800 510.023500
235.907500 507.019800 265.338600 513.550600
236.703700 510.603300 266.474500 517.066200
237.481000 514.162500 267.601600 520.572100
238.249000 517.704200 268.715100 524.065600
239.014400 521.230500 269.824600 527.530400
239.746800 524.741600 270.888400 530.968700
240.436600 528.231300 271.937600 534.398500
241.102000 531.689500 272.965200 537.807100
241.740900 535.133300 273.991800 541.189400
242.359400 538.550300 274.996300 544.540300
242.993900 541.935900 275.994400 547.857000
243.655500 545.295800 277.016200 551.150800
244.307800 548.630700 278.062300 554.416400
244.986700 551.924500 279.115100 557.622600
245.686600 555.189800 280.197000 560.803800
246.402300 558.403000 281.269900 563.931700
247.160300 561.604000 282.389100 567.027500
247.954300 564.747800 283.540300 570.082100
248.799800 567.843200 284.745600 573.081200
249.719700 570.881500 286.011700 576.016300
250.691800 573.875500 287.333400 578.913900
251.722500 576.816900 288.702400 581.744100
252.792400 579.719200 290.101500 584.529800
253.899200 582.619100 291.536900 587.308200
254.999400 585.538800 292.953600 590.106900
256.084000 588.464600 294.352000 592.908100
257.132200 591.413100 295.717500 595.734400
258.142200 594.337700 297.041700 598.536000
259.143500 597.295100 298.355100 601.375900
260.132300 600.227900 299.669200 604.211600
261.124300 603.146400 300.986700 607.012100
262.175000 606.016800 302.355400 609.770300
263.321800 608.844200 303.820400 612.459800
264.592700 611.600700 305.418100 615.068300
266.012800 614.279900 307.149100 617.588600
267.588100 616.881700 309.032000 620.016300
269.323800 619.428300 311.064700 622.371400
271.210100 621.881800 313.247500 624.634600
273.238300 624.254900 315.551100 626.778100
275.373300 626.509900 317.952700 628.796600
277.623300 628.637000 320.446500 630.667200
279.976600 630.608900 323.030700 632.373000
282.453700 632.438800 325.711900 633.914400
285.065600 634.108700 328.511900 635.278700
287.781800 635.684200 331.400200 636.530500
290.614800 637.170400 334.405900 637.673600
293.572000 638.551300 337.529200 638.700700
296.640000 639.897800 340.759000 639.670100
299.815900 641.203200 344.076800 640.599700
303.076400 642.494500 347.448600 641.504400
306.357100 643.765800 350.865000 642.393700
309.674900 645.021300 354.304300 643.250200
312.999700 646.243800 357.737800 644.067200
316.341000 647.457400 361.188000 644.872500
319.656500 648.689200 364.616800 645.698700
322.948500 649.961000 368.034200 646.570000
326.166800 651.311700 371.411300 647.528300
329.336100 652.739100 374.730400 648.569300
332.444200 654.205600 377.991800 649.656200
335.400500 655.659200 381.146700 650.737000
338.177900 657.091100 384.138900 651.822200
340.853600 658.520100 387.011600 652.898800
343.392000 659.901300 389.761200 653.953000
345.797500 661.222900 392.351900 654.959900
348.061700 662.470200 394.811200 655.921000
350.227800 663.663600 397.163500 656.836000
352.269800 664.764500 399.360400 657.670400
354.171500 665.743600 401.394300 658.405900
355.867200 666.596600 403.208400 659.063200
357.385800 667.323400 404.798900 659.622700
358.688300 667.945100 406.171700 660.095200
359.785500 668.454700 407.331000 660.469800
360.684700 668.879300 408.274300 660.797200
361.448900 669.240500 409.074100 661.078400
362.202200 669.609800 409.831500 661.391400
362.884200 670.041700 410.528900 661.767400
363.544500 670.582800 411.219700 662.247000
364.209800 671.330500 411.937300 662.912200
364.845000 672.309500 412.670000 663.812300
365.349200 673.552400 413.295200 664.986500
365.693100 675.079000 413.766200 666.400000
365.765200 676.782400 413.965900 668.029100
365.523700 678.539500 413.914000 669.847300
365.089100 680.489300 413.647100 671.835200
364.466100 682.514600 413.215600 673.944700
363.616300 684.610800 412.601700 676.154600
362.501500 686.760700 411.776400 678.449900
361.240200 688.988000 410.801500 680.832200
359.916600 691.336700 409.748900 683.381400
358.517400 693.800300 408.645300 685.999000
357.035700 696.407500 407.445000 688.813000
355.508800 699.115600 406.222500 691.708400
353.904300 701.929300 404.912900 694.746400
352.257400 704.823800 403.597700 697.821300
350.567500 707.796400 402.241500 700.967300
348.841400 710.853200 400.826500 704.270400
347.061700 713.947900 399.358300 707.614300
345.240600 717.126500 397.869500 711.053500
343.396200 720.384700 396.381200 714.509900
341.517100 723.688800 394.869300 718.017000
339.619000 727.060600 393.339700 721.601600
337.697800 730.488300 391.789800 725.264300
335.746300 733.965100 390.224900 728.940000
333.767200 737.500800 388.637000 732.682000
331.787300 741.093200 387.049700 736.483700
329.802100 744.697600 385.468800 740.277600
327.822700 748.252900 383.901800 744.009800
325.882900 751.750500 382.353800 747.683700
323.953700 755.221900 380.797000 751.358000
322.019400 758.698600 379.248800 755.057000
320.037700 762.177600 377.650900 758.747200
318.097700 765.622300 376.104300 762.372000
316.183200 769.057500 374.581000 765.995500
314.250000 772.494900 373.031200 769.630600
312.275800 775.931500 371.438400 773.269900
310.254000 779.359500 369.794800 776.904300
308.122800 782.782800 368.048500 780.538800
305.862800 786.166800 366.229700 784.099100
303.500700 789.503100 364.251700 787.694300
300.970800 792.776600 362.123900 791.249000
298.346100 795.948700 359.871400 794.726600
295.632400 799.046800 357.528200 798.118200
292.854400 802.131000 355.113800 801.505100
290.021900 805.167500 352.615000 804.891500
287.126600 808.146600 350.085300 808.165500
284.119000 811.063300 347.415800 811.416200
281.041800 813.860300 344.677400 814.534900
277.869300 816.545900 341.879300 817.540800
274.646800 819.105600 338.960400 820.464500
271.386100 821.531200 335.992300 823.246200
268.116800 823.813700 332.971300 825.894500
264.867100 825.970500 329.955500 828.414900
261.611600 828.060300 326.933800 830.861400
258.412200 830.064600 323.930000 833.222100
255.270800 831.964500 320.958100 835.482700
252.165400 833.785500 318.036500 837.642400
249.035500 835.465400 315.157900 839.690400
245.676600 836.941500 312.364100 841.641500
242.526400 838.395100 309.661000 843.494600
239.649200 839.782300 307.094900 845.211500
236.954200 841.095200 304.669800 846.837800
234.477400 842.339200 302.396500 848.385100
232.193600 843.528700 300.295300 849.863300
230.093400 844.639300 298.365300 851.232700
228.164600 845.633300 296.582700 852.445000
226.339700 846.487500 294.888000 853.501800
224.559800 847.148600 293.205000 854.364800
222.862900 847.611100 291.582900 855.009400
221.160000 847.853200 289.928400 855.414000
219.343600 847.650900 288.197500 855.561900
217.613700 847.228800 286.436300 855.354000
215.983200 846.459000 284.716100 854.805600
214.496600 845.376700 283.090200 853.932300
213.166300 844.015600 281.562400 852.759600
211.989600 842.443000 280.200600 851.362100
210.942500 840.673500 278.945200 849.734300
210.015200 838.668700 277.828200 847.917300
209.177100 836.492300 276.745800 845.870600
208.420100 834.203400 275.723000 843.686200
207.685300 831.756600 274.729400 841.349600
206.966400 829.169500 273.731100 838.875400
206.234900 826.499600 272.713400 836.321300
205.491300 823.727800 271.665800 833.660300
204.726900 820.872900 270.564600 830.916900
203.960100 817.947300 269.448100 828.082200
203.188700 814.944500 268.315900 825.200600
202.387700 811.853000 267.145300 822.230300
201.557100 808.685000 265.949400 819.181600
200.707000 805.446700 264.730800 816.060200
199.837600 802.169300 263.468800 812.902100
198.959100 798.853000 262.202300 809.690300
198.078300 795.512000 260.932800 806.447100
197.208100 792.134200 259.637900 803.149000
196.331500 788.727300 258.349200 799.833300
195.393800 785.296400 257.022700 796.502300
194.407000 781.832200 255.647400 793.154700
193.372100 778.361600 254.223900 789.798900
192.268500 774.862700 252.727100 786.417200
191.104500 771.351900 251.158200 783.029900
189.900200 767.803200 249.547300 779.619100
188.697400 764.215300 247.915100 776.160200
187.525500 760.573100 246.335300 772.633900
186.417200 756.874800 244.809400 769.053300
185.391100 753.140200 243.350700 765.418600
184.425300 749.376100 241.964600 761.766800
183.505800 745.586000 240.625400 758.079800
182.630800 741.760500 239.333400 754.360400
181.799600 737.920600 238.076100 750.629000
180.995700 734.046000 236.846000 746.863500
180.235100 730.165100 235.641800 743.083300
179.509000 726.267300 234.466300 739.292800
178.782600 722.358000 233.284100 735.461700
178.060700 718.433400 232.125700 731.623000
177.362100 714.485400 230.993600 727.763600
176.683600 710.485300 229.870700 723.844800
176.012100 706.523900 228.761900 719.953200
175.366700 702.573200 227.672700 716.088600
174.771600 698.664000 226.631400 712.261600
174.208700 694.786000 225.629500 708.448400
173.664500 690.971400 224.652400 704.676500
173.120400 687.194400 223.675200 700.971200
172.609800 683.452500 222.720800 697.290400
172.111300 679.757200 221.782800 693.643500
171.620100 676.075400 220.846500 690.028700
171.116500 672.425100 219.923600 686.448800
170.597300 668.791300 218.990800 682.877900
170.061700 665.158300 218.048200 679.314800
169.508500 661.515700 217.108100 675.735700
168.924400 657.855800 216.138200 672.143500
168.353600 654.164700 215.179100 668.514000
167.787000 650.469600 214.237500 664.865200
167.241700 646.760000 213.310400 661.212100
166.711700 643.033600 212.370300 657.542600
166.161900 639.298500 211.421900 653.868800
165.603300 635.547200 210.468900 650.177300
165.019900 631.781100 209.492900 646.471600
164.407900 627.989800 208.490400 642.740400
163.795100 624.165700 207.483000 638.965500
163.188600 620.333500 206.475600 635.175000
162.585900 616.485800 205.458400 631.395900
162.003800 612.637200 204.469000 627.628100
161.404000 608.796100 203.450100 623.819900
160.758000 604.972100 202.414300 619.982000
160.133600 601.135300 201.406600 616.184000
159.495800 597.273400 200.369000 612.364400
158.840300 593.366000 199.344400 608.524700
158.208600 589.447000 198.310200 604.663000
157.580800 585.515400 197.267400 600.801400
156.942900 581.558400 196.224200 596.913800
156.315100 577.584700 195.177000 593.010800
155.693100 573.602200 194.120600 589.090200
155.097900 569.612100 193.079500 585.191500
154.494600 565.631700 192.037000 581.278200
153.882900 561.635800 190.967700 577.344800
153.275400 557.661700 189.893000 573.455700
152.657100 553.699500 188.839200 569.564800
152.007000 549.736100 187.768800 565.655800
151.335500 545.780700 186.690700 561.760900
150.702300 541.830000 185.620100 557.837100
150.111100 537.863200 184.557400 553.937500
149.565800 533.878000 183.499100 550.028600
149.070700 529.886400 182.478000 546.111400
148.583300 525.892200 181.462400 542.196000
148.098100 521.899600 180.450700 538.271700
147.615200 517.906000 179.455200 534.359900
147.078600 513.924800 178.415800 530.450300
146.557400 509.928000 177.382600 526.551700
145.990800 505.947400 176.337600 522.649200
145.414200 501.983900 175.305500 518.742300
144.839400 498.023200 174.263900 514.843700
144.237000 494.066600 173.197700 510.954200
143.642200 490.086700 172.112300 507.059500
143.093600 486.100600 171.079100 503.180200
142.520000 482.109500 170.043500 499.281700
141.953600 478.120000 169.033700 495.373900
141.409200 474.120700 168.026300 491.475600
140.866200 470.116800 167.017800 487.545800
140.329900 466.129000 166.028700 483.664500
139.802900 462.170200 165.058400 479.822500
139.285200 458.259400 164.097700 476.013400
138.767400 454.380800 163.139600 472.224400
138.265200 450.537100 162.192900 468.474100
137.781900 446.703500 161.273300 464.717500
137.326700 442.890000 160.366900 460.970600
136.905100 439.064700 159.490700 457.199300
136.518100 435.237300 158.653400 453.448100
136.143200 431.414200 157.826400 449.679400
135.825400 427.592200 157.056100 445.908100
135.543200 423.737300 156.334700 442.109700
135.270100 419.908100 155.647600 438.295400
135.035900 416.031200 155.004900 434.435200
134.860400 412.167200 154.405400 430.581300
134.729600 408.319200 153.858400 426.732600
134.657500 404.515600 153.366100 422.920400
134.622800 400.768700 152.916600 419.191900
134.596400 397.079600 152.487500 415.517700
134.623000 393.460300 152.128300 411.884200
134.664700 389.903700 151.786800 408.309200
134.742900 386.395400 151.474600 404.790200
134.849100 382.945500 151.194600 401.329600
134.972000 379.565400 150.928400 397.962300
135.131800 376.244700 150.682100 394.644300
135.333900 373.018200 150.498200 391.402800
135.556500 369.861200 150.358600 388.238200
135.838900 366.777100 150.283800 385.148500
136.225700 363.791900 150.317600 382.153300
136.738700 360.891300 150.487400 379.221600
137.359000 358.081000 150.799100 376.317100
138.112400 355.303200 151.229500 373.433100
138.966200 352.534800 151.763400 370.552600
139.893600 349.805900 152.369600 367.703500
140.896000 347.157200 153.057800 364.928700
141.971400 344.579000 153.815900 362.225600
143.130500 342.084500 154.674300 359.596900
144.392300 339.674500 155.634200 357.038800
145.777400 337.332100 156.725000 354.556700
147.331500 335.073900 157.996000 352.126400
149.057400 332.893100 159.448300 349.738500
150.967000 330.772000 161.079400 347.410000
153.050000 328.762800 162.912500 345.162100
155.286900 326.913400 164.928600 343.034100
157.696000 325.210700 167.111800 341.029600
160.258100 323.696400 169.467700 339.199600
162.973100 322.395300 171.993700 337.568800
165.832800 321.314600 174.703500 336.144400
168.823000 320.455500 177.561700 334.917800
171.915000 319.751800 180.547800 333.837400
175.093600 319.154400 183.632300 332.853100
178.356600 318.621500 186.808800 331.919500
181.670600 318.107800 190.051500 331.016300
184.954100 317.552100 193.381600 330.122100
188.360600 317.014600 196.776000 329.197900
191.810500 316.498600 200.183000 328.261600
195.303300 315.956300 203.608400 327.283300
198.810200 315.370500 207.025100 326.244500
202.319700 314.727700 210.436600 325.155700
205.854900 314.018600 213.862300 323.987700
209.382100 313.210000 217.277900 322.725000
212.873900 312.313500 220.639700 321.370200
216.282400 311.315800 223.880100 319.937400
219.602300 310.211800 227.021600 318.416300
222.828600 308.969500 230.030400 316.786700
225.892800 307.618500 232.896100 315.068900
228.857400 306.132600 235.629800 313.224700
231.705300 304.510000 238.238000 311.255100
234.404500 302.795000 240.696900 309.217300
236.964200 301.022400 243.004000 307.133900
239.357400 299.191600 245.155400 305.002200
241.573300 297.348000 247.118300 302.891900
243.583200 295.531300 248.900600 300.819900
245.364000 293.745300 250.437200 298.825400
246.928300 292.003400 251.754700 296.893800
248.255900 290.313300 252.836200 295.056600
249.318200 288.712300 253.689700 293.336500
250.170400 287.137600 254.324300 291.670200
250.789300 285.600000 254.729700 290.065700
251.165900 284.019700 254.914700 288.432600
251.314100 282.347000 254.876300 286.764800
251.208600 280.685900 254.565700 285.116100
250.772400 279.031200 253.920300 283.522600
249.999900 277.363100 252.940100 281.916700
248.862600 275.742500 251.587000 280.418600
247.391400 274.199800 249.913000 279.046600
245.604100 272.717600 247.952000 277.776700
243.606700 271.249000 245.774900 276.557500
241.483200 269.657000 243.463700 275.233400
239.255900 267.931300 241.012800 273.795900
236.942400 266.062700 238.456400 272.206300
234.573400 264.060900 235.839900 270.493600
232.194200 261.911300 233.200900 268.634500
229.828600 259.643500 230.535300 266.652800
227.459400 257.285700 227.868400 264.590500
225.117700 254.818300 225.210500 262.417800
222.794900 252.268100 222.558100 260.170500
220.539900 249.684100 219.976300 257.871600
218.379000 247.150200 217.507400 255.612100
216.331900 244.688600 215.126900 253.404100
214.447100 242.296600 212.937100 251.252900
212.738900 239.986300 210.907500 249.160400
211.155100 237.800000 209.019100 247.166200
209.645500 235.806000 207.248900 245.371200
208.153800 234.063200 205.525700 243.803800
206.642600 232.599300 203.809400 242.504300
205.050700 231.388700 202.067000 241.486000
203.386000 230.453900 200.253800 240.739600
201.568800 229.804200 198.298300 240.302300
199.652600 229.469400 196.284500 240.194600
197.649300 229.448700 194.263800 240.463100
195.695200 229.808500 192.316600 241.075100
193.757500 230.545900 190.463000 242.038700
191.873400 231.575500 188.682400 243.308800
190.008500 232.786900 186.927300 244.756500
188.027800 234.075600 185.098700 246.283500
185.893500 235.390300 183.133800 247.864400
183.609800 236.705800 181.019300 249.466600
181.165200 238.005100 178.731600 251.062700
178.517300 239.254000 176.252600 252.638200
175.726900 240.407000 173.613000 254.140900
172.707400 241.421200 170.777000 255.554600
169.603600 242.357600 167.882400 256.920400
166.445500 243.209000 164.926000 258.186400
163.269700 243.975200 161.869100 259.360700
160.018600 244.710100 158.786200 260.525800
156.736700 245.397400 155.676200 261.654900
153.408400 246.036100 152.499100 262.746400
150.090200 246.634600 149.285500 263.803500
146.806300 247.228400 146.096800 264.824800
143.505000 247.801600 142.912400 265.825800
140.209300 248.367500 139.755700 266.813100
136.935100 248.926700 136.622600 267.796000
133.701200 249.482000 133.516300 268.784200
130.512300 250.041400 130.455500 269.777900
127.368600 250.623000 127.424800 270.824100
124.279500 251.271600 124.450200 271.920200
121.226800 251.988400 121.522700 273.083100
118.235900 252.796200 118.664500 274.327100
115.296000 253.710500 115.862000 275.652600
112.410900 254.793600 113.121800 277.109400
109.550100 256.073600 110.434900 278.746400
106.765300 257.559400 107.860300 280.570800
104.058300 259.195200 105.374300 282.556500
101.451300 260.983800 102.994100 284.695300
98.958900 262.930000 100.750000 286.960500
96.560750 265.038400 98.616240 289.380900
94.233290 267.302400 96.593900 291.922300
91.992660 269.682500 94.693170 294.599200
89.872160 272.215300 92.926370 297.432600
87.867480 274.902800 91.288060 300.379800
85.990600 277.735000 89.800890 303.443500
84.244040 280.710100 88.452810 306.633900
82.619100 283.777000 87.240600 309.901200
81.079690 286.968600 86.143150 313.270000
79.784310 290.233300 85.302500 316.692400
78.568560 293.653400 84.542550 320.245600
77.471470 297.091000 83.894990 323.794400
76.507590 300.590600 83.389100 327.389700
75.684350 304.118500 83.028070 330.997300
74.993740 307.691900 82.809580 334.628900
74.448540 311.297700 82.739570 338.269300
74.042020 314.935900 82.817060 341.921400
73.771590 318.594800 83.034740 345.584500
73.715910 322.261900 83.346100 349.249500
73.769420 325.907700 83.734270 352.888400
73.817040 329.552100 84.181230 356.521700
74.000290 333.173500 84.686620 360.128800
74.172500 336.809200 85.218970 363.717700
74.344680 340.442200 85.789600 367.305800
74.514430 344.091300 86.404860 370.896300
74.662940 347.746700 87.008130 374.498900
74.736070 351.400000 87.518650 378.070500
74.769320 355.000700 88.023470 381.623800
74.814470 358.586500 88.533600 385.158700
74.746920 362.178000 89.012700 388.694500
74.686830 365.745600 89.484990 392.231400
74.555740 369.317000 89.909700 395.788000
74.360040 372.935200 90.275640 399.359500
74.109450 376.533900 90.578280 402.920800
73.828330 380.133100 90.834750 406.489800
73.476450 383.716600 91.021650 410.059200
73.062260 387.295400 91.162000 413.650800
72.635640 390.839200 91.252010 417.223600
72.123690 394.365700 91.240610 420.799600
71.585570 397.910500 91.201670 424.385400
70.976400 401.435000 91.086560 427.967000
70.311850 404.959700 90.924520 431.559000
69.602670 408.449900 90.734050 435.146500
68.879140 411.948200 90.561750 438.742300
68.139490 415.452800 90.357600 442.334200
67.432580 418.981100 90.141590 445.923800
66.735590 422.501800 89.933140 449.498800
66.031790 425.991100 89.757990 453.075500
65.337700 429.457600 89.579850 456.675600
64.678150 432.971500 89.451410 460.315900
64.092350 436.564700 89.407720 463.978200
63.538820 440.165700 89.389880 467.627900
63.089490 443.780200 89.468080 471.261500
62.687700 447.405600 89.596700 474.874700
62.395430 451.016900 89.836430 478.476700
62.179910 454.600300 90.148200 482.059900
62.016060 458.184800 90.495410 485.646200
61.878910 461.762700 90.874360 489.214500
61.782260 465.339800 91.289630 492.780200
61.711200 468.924000 91.739540 496.366500
61.669710 472.506000 92.208070 499.931000
61.695530 476.094800 92.760900 503.506300
61.729390 479.666900 93.302910 507.047800
61.822870 483.270300 93.908130 510.619000
61.924810 486.878100 94.511820 514.193900
62.056550 490.478600 95.156950 517.757700
62.176020 494.117900 95.793570 521.336200
62.266690 497.773900 96.417080 524.947400
62.330910 501.484400 97.019130 528.570700
62.383600 505.245100 97.654760 532.218800
62.456820 509.016300 98.336240 535.884000
62.639660 512.800600 99.139380 539.585500
62.868350 516.638100 99.984840 543.310800
63.106400 520.456700 100.842700 547.037000
63.367240 524.259400 101.720900 550.736700
63.593570 528.081800 102.557000 554.461700
63.801530 531.888200 103.372400 558.204000
64.024540 535.667900 104.183400 561.907300
64.206830 539.467500 104.970900 565.650800
64.344710 543.234900 105.689100 569.355500
64.496310 546.996900 106.419700 573.063400
64.631930 550.743000 107.124600 576.758400
64.749170 554.462700 107.798200 580.408600
64.914610 558.167300 108.531100 584.063300
65.103700 561.867200 109.288700 587.699300
65.335960 565.517200 110.083000 591.279100
65.569200 569.190200 110.885500 594.884300
65.794250 572.863800 111.667000 598.457200
65.979210 576.521900 112.421100 602.037300
66.180050 580.172300 113.205000 605.613100
66.362280 583.853000 113.986600 609.216900
66.538350 587.515200 114.759300 612.825000
66.682270 591.168900 115.473200 616.411700
66.777600 594.811400 116.157000 620.033400
66.890400 598.420300 116.838500 623.604500
67.026690 602.042900 117.556700 627.154500
67.177460 605.622900 118.275900 630.653900
67.323020 609.198300 118.990800 634.160300
67.450500 612.758000 119.688500 637.658500
67.653570 616.289300 120.464200 641.110100
67.878290 619.813700 121.253700 644.546100
68.154010 623.308500 122.093600 647.952000
68.437020 626.799600 122.941600 651.340700
68.771410 630.257700 123.823400 654.686100
69.202550 633.695200 124.797000 657.990900
69.600670 637.103300 125.744600 661.283200
70.036830 640.488700 126.722000 664.543600
70.506270 643.807100 127.726200 667.737000
70.892770 647.161500 128.648000 670.948100
71.232770 650.443300 129.534100 674.142200
71.580170 653.720500 130.397000 677.333100
71.988160 656.939000 131.265900 680.496200
72.305150 660.204100 132.074300 683.647500
72.604120 663.408400 132.850800 686.811200
72.917010 666.635000 133.623300 689.993500
73.242550 669.852400 134.391100 693.168700
73.637330 673.050100 135.183800 696.333000
74.027710 676.284300 136.046600 699.526100
74.459600 679.526800 136.979600 702.700800
74.950660 682.820100 137.969800 705.870600
75.485380 686.101000 138.976600 709.078800
75.997000 689.438300 140.019200 712.318200
76.620780 692.817900 141.120100 715.574600
77.255750 696.266300 142.260500 718.864500
77.860920 699.720200 143.404000 722.183400
78.456960 703.252300 144.548000 725.576400
79.046650 706.838300 145.690200 729.011600
79.748960 710.431700 146.870700 732.494500
80.377820 714.087800 148.023100 736.010400
80.984990 717.795000 149.223600 739.562900
81.568530 721.524100 150.436500 743.123400
82.226950 725.230100 151.679300 746.687000
82.971570 728.932500 152.977100 750.250900
83.716810 732.637800 154.298100 753.800900
84.461420 736.340000 155.656000 757.316900
85.205890 740.041500 157.081200 760.815500
85.988280 743.734800 158.507200 764.282500
86.881120 747.371500 159.971000 767.719000
87.770200 751.019300 161.421600 771.154600
88.659140 754.657900 162.893000 774.577600
89.568830 758.256300 164.366700 777.949400
90.529500 761.919200 165.928700 781.371400
91.504420 765.495400 167.485800 784.735400
92.518360 769.126400 169.071600 788.135900
93.541990 772.703400 170.682400 791.483700
94.615270 776.302000 172.316800 794.816900
95.687250 779.833200 173.959200 798.115900
96.764590 783.369100 175.620700 801.404100
97.857970 786.887700 177.314400 804.677600
98.977700 790.363900 179.015500 807.898400
100.102700 793.842400 180.730000 811.113200
101.281700 797.278800 182.481800 814.283200
102.480100 800.701200 184.249200 817.450600
103.706800 804.080200 186.027800 820.554900
104.948300 807.449200 187.838200 823.669400
106.192400 810.798000 189.652400 826.750700
107.467000 814.117100 191.479000 829.804900
108.775000 817.411500 193.322900 832.824400
110.077600 820.689800 195.153500 835.821300
111.337000 823.916800 196.948200 838.794200
112.595900 827.082700 198.723300 841.680400
113.862500 830.153000 200.492600 844.471900
115.118400 833.166500 202.209000 847.207600
116.423500 836.128900 203.977600 849.887000
117.895400 839.037200 205.857200 852.470900
119.447600 841.885100 207.809500 854.969700
121.088600 844.701900 209.842700 857.410900
122.872100 847.290700 211.929200 859.787000
124.724400 849.810800 214.100300 862.121800
126.575500 852.329600 216.322600 864.329500
128.426600 854.848600 218.556500 866.442600
130.276800 857.367000 220.773800 868.437800
132.127400 859.883600 222.960400 870.329100
133.992200 862.014800 225.086400 872.088500
135.814600 864.035300 227.160600 873.747900
137.604800 865.988300 229.199200 875.338200
139.298200 867.835900 231.141900 876.853900
140.919200 869.609300 233.014500 878.296500
142.486000 871.338400 234.816200 879.704500
143.940800 872.954000 236.499500 881.019700
145.300100 874.412900 238.069200 882.210300
146.559000 875.661600 239.517700 883.202600
147.650800 876.418400 240.824000 883.992900
148.685500 877.020600 241.937500 884.558900
149.713200 877.623900 242.980500 885.041900
150.732500 878.227900 244.063200 885.361900
151.742600 878.831700 245.164000 885.563200
152.808100 879.342000 246.364600 885.629900
154.068700 879.516900 247.634000 885.539500
155.413300 879.479400 249.015800 885.311600
156.888700 879.272300 250.442000 884.835800
158.478100 878.881900 251.939400 884.156500
160.134900 878.287500 253.454200 883.279100
161.860100 877.489100 255.024200 882.167600
163.672500 876.562600 256.660400 880.920800
165.594100 875.530000 258.382900 879.551400
167.624000 874.437100 260.188500 878.103500
169.770000 873.289900 262.099700 876.593300
172.035600 872.094100 264.128500 875.017500
174.385300 870.862300 266.225200 873.381500
176.854600 869.589200 268.441300 871.668800
179.401000 868.288100 270.732600 869.927700
181.975500 866.969700 273.052200 868.150800
184.536700 865.639500 275.352400 866.371900
187.062400 864.284700 277.619600 864.577000
189.538900 862.924800 279.825800 862.774300
191.918900 861.611300 281.960900 861.043700
194.206900 860.315700 284.002400 859.355700
196.343300 858.956400 285.977200 857.752600
198.368400 857.888200 287.880300 856.273900
200.275000 856.919100 289.738400 854.933600
202.193600 856.085800 291.558000 853.754800
204.073500 855.496400 293.354000 852.846000
205.960400 855.183900 295.164600 852.222300
207.864300 855.202100 297.012400 851.897600
209.713700 855.529100 298.853000 851.888300
211.499200 856.220700 300.702900 852.247800
213.188100 857.107700 302.503300 852.945100
214.784400 858.522000 304.257800 854.005300
216.227100 860.190500 305.918100 855.372800
217.589200 862.100400 307.559800 856.991700
218.870200 864.194100 309.155400 858.797600
220.036500 866.491500 310.678700 860.815000
221.092500 868.955100 312.161800 863.051900
222.159200 871.551200 313.677400 865.412500
223.261300 874.233400 315.233100 867.832300
224.402100 877.003500 316.831500 870.356000
225.538100 879.835200 318.448100 872.934200
226.647400 882.714200 320.041800 875.570600
227.713000 885.605500 321.606800 878.227400
228.729800 888.498800 323.109000 880.879400
229.740400 891.364700 324.609300 883.493600
230.756400 894.190300 326.112600 886.081200
231.798000 896.975600 327.636700 888.624000
232.862200 899.689300 329.172900 891.092400
234.006400 902.314400 330.756500 893.447600
235.284000 904.779800 332.465500 895.647400
236.717300 907.106500 334.287500 897.655700
238.297800 909.282700 336.236300 899.485800
240.026200 911.279800 338.272300 901.115900
241.899800 913.107900 340.428300 902.553700
243.969200 914.753500 342.680300 903.786000
246.167200 916.200700 345.038700 904.797800
248.519300 917.425900 347.496800 905.571100
250.970500 918.372900 350.075500 906.093200
253.540200 919.159700 352.708600 906.378300
256.240400 919.688000 355.427600 906.379100
259.064500 919.965800 358.229800 906.113200
262.004800 920.092700 361.095700 905.675700
265.032800 920.081200 364.034100 905.072200
268.210100 920.078400 367.047700 904.313100
271.495300 919.927300 370.139500 903.451800
274.820000 919.698100 373.276800 902.524200
278.229300 919.336300 376.463600 901.501800
281.674700 918.885400 379.686800 900.388000
285.133600 918.345800 382.957100 899.184800
288.622600 917.728600 386.281800 897.888000
292.132800 917.013700 389.603400 896.510500
295.617300 916.238200 392.907100 895.052700
299.090900 915.358200 396.177100 893.524800
302.533100 914.353500 399.376200 891.920100
305.943200 913.309900 402.559500 890.241900
309.311700 912.191400 405.705200 888.500200
312.679900 911.045400 408.817700 886.695800
316.061700 909.902400 411.940100 884.890300
319.450400 908.753400 415.064300 883.071900
322.840000 907.560400 418.188300 881.216600
326.249400 906.356000 421.331300 879.338700
329.691100 905.139800 424.489100 877.432700
333.195400 903.900600 427.715700 875.482000
336.754600 902.625300 430.997400 873.479100
340.384100 901.328400 434.304000 871.457700
344.064600 899.969000 437.642500 869.368200
347.769700 898.590900 441.010500 867.260700
351.401700 897.220500 444.324600 865.163600
354.975200 895.841100 447.578000 863.065000
358.485000 894.463600 450.743700 860.999800
361.949500 893.084300 453.855000 858.930500
365.336200 891.732700 456.907000 856.908000
368.619200 890.389400 459.859100 854.913400
371.749500 889.112100 462.662300 853.020400
374.681800 887.918900 465.302900 851.247800
377.389200 886.824500 467.711000 849.624700
379.874900 885.837000 469.927200 848.135700
382.177900 884.931600 471.977300 846.762400
384.328100 884.100300 473.874900 845.491600
386.400700 883.311200 475.714300 844.269700
388.376900 882.536800 477.506900 843.085300
390.309000 881.774800 479.259400 841.922100
392.306100 880.993700 481.079800 840.730500
394.377700 880.162100 482.955500 839.471400
396.550200 879.262200 484.906900 838.137100
398.842300 878.314900 486.978500 836.745600
401.259600 877.339000 489.159800 835.296800
403.789800 876.325100 491.445800 833.781200
406.435900 875.291100 493.823000 832.209700
409.217000 874.214500 496.311500 830.567900
412.118100 873.111300 498.884600 828.871900
415.118700 871.959800 501.545500 827.124300
418.218100 870.771000 504.327700 825.312200
421.393100 869.520300 507.144900 823.438900
424.627300 868.193200 510.017700 821.471600
427.914800 866.771900 512.951900 819.396300
431.247800 865.254500 515.901300 817.226500
434.552400 863.690400 518.822500 815.013800
437.807500 862.081600 521.700900 812.740800
440.966600 860.444200 524.474900 810.482700
444.049200 858.816700 527.191600 808.206800
447.069000 857.193700 529.827700 805.945400
450.037100 855.607100 532.414400 803.759200
452.944600 854.081100 534.971400 801.636300
455.777600 852.654400 537.467300 799.632900
458.467600 851.383400 539.844200 797.808400
460.990700 850.198200 542.086200 796.100200
463.426800 849.070300 544.252600 794.477300
465.787600 847.990900 546.377300 792.917600
468.094900 846.950600 548.449600 791.409300
470.366800 845.937300 550.504300 789.909400
472.708100 844.897600 552.618500 788.400300
475.121700 843.800400 554.770900 786.803300
477.587500 842.683800 557.022000 785.202600
480.152400 841.532300 559.356000 783.513000
482.766300 840.339500 561.734000 781.786500
485.445100 839.143200 564.151500 780.048900
488.188300 837.891400 566.584300 778.257300
490.987500 836.623000 569.073300 776.477200
493.803100 835.351100 571.569700 774.665800
496.624700 834.094400 574.111500 772.834300
499.474300 832.809600 576.675700 770.996300
502.358500 831.502600 579.265400 769.124300
505.286800 830.236700 581.882900 767.231400
508.248000 828.948300 584.524400 765.325100
511.244100 827.658100 587.196600 763.411100
514.267100 826.347100 589.891300 761.481500
517.327800 825.031500 592.615200 759.549200
520.388500 823.719100 595.345900 757.626200
523.389100 822.420300 598.032600 755.727400
526.283400 821.190400 600.628700 753.917600
529.057000 820.023600 603.113400 752.191700
531.704800 818.934000 605.493800 750.568900
534.226500 817.916400 607.773700 749.038700
536.656700 816.946600 609.965100 747.575400
539.023500 815.952900 612.095500 746.107900
541.317300 814.866300 614.153100 744.575000
543.532000 813.688600 616.096000 742.955400
545.686900 812.396800 617.949800 741.230500
547.734700 810.971800 619.667100 739.398700
549.629400 809.339400 621.192900 737.372700
551.297600 807.502100 622.484800 735.175300
552.779900 805.465100 623.563800 732.812500
554.025400 803.122900 624.391300 730.268200
555.053800 800.603800 624.914000 727.548800
555.833800 797.890700 625.163400 724.680000
556.486200 795.031700 625.265500 721.712300
557.103100 792.043700 625.314800 718.647500
557.706900 788.950900 625.320600 715.493400
558.314100 785.757400 625.308900 712.208400
558.963000 782.480200 625.312000 708.849500
559.664300 779.132300 625.354200 705.426200
560.383500 775.702500 625.401300 701.909900
561.143700 772.190100 625.464000 698.291600
561.955700 768.606200 625.562100 694.625800
562.794300 764.921400 625.648400 690.861000
563.665600 761.194600 625.750900 687.030300
564.512000 757.439400 625.842400 683.177900
565.360500 753.691900 625.936700 679.339400
566.202300 749.955700 626.037700 675.506800
567.038700 746.210000 626.148100 671.679100
567.914000 742.455400 626.277700 667.819900
568.809800 738.700200 626.429800 663.952100
569.651600 734.948800 626.559800 660.112900
570.504400 731.165000 626.677200 656.242900
571.381700 727.390900 626.805100 652.363000
572.231200 723.645800 626.910700 648.514800
573.054100 719.904800 627.007800 644.680200
573.889700 716.163100 627.112300 640.820200
574.718600 712.404800 627.209400 636.971700
575.527100 708.639600 627.282100 633.117700
576.261300 704.869800 627.285300 629.263900
576.930700 701.064300 627.214500 625.408800
577.575900 697.234700 627.104200 621.532100
578.192400 693.375300 626.951800 617.632300
578.778500 689.496000 626.768700 613.712300
579.345900 685.591800 626.561000 609.755700
579.857300 681.665400 626.302900 605.790700
580.310600 677.720500 626.010000 601.800500
580.758800 673.746400 625.689300 597.807600
581.155000 669.796200 625.329100 593.833600
581.510700 665.865700 624.918600 589.867900
581.822900 661.969700 624.466000 585.978100
582.077900 658.112900 623.976100 582.128100
582.273900 654.274900 623.438900 578.330000
582.437900 650.427100 622.852700 574.510100
582.599800 646.577200 622.264300 570.676500
582.753900 642.693800 621.647800 566.825700
582.851400 638.813400 620.992700 562.999700
582.898800 634.890000 620.291300 559.138600
582.982400 630.949500 619.606100 555.226800
583.073100 627.003400 618.931900 551.331800
583.192100 623.061600 618.276500 547.439300
583.328900 619.143000 617.637000 543.544700
583.475300 615.223700 616.997300 539.660000
583.625900 611.282200 616.364800 535.756300
583.720700 607.341100 615.742900 531.828900
583.834500 603.396300 615.125300 527.925200
583.934300 599.462000 614.482800 524.024400
584.036500 595.562800 613.867100 520.158100
584.162200 591.689200 613.257700 516.306200
584.227300 587.867900 612.654800 512.463900
584.317600 584.024500 612.039900 508.605000
584.499000 580.192700 611.504000 504.765100
584.808000 576.397200 611.086400 500.925100
585.238500 572.636300 610.782100 497.092100
585.796800 568.901300 610.601900 493.265100
586.480500 565.193700 610.530200 489.450000
587.248500 561.507600 610.541400 485.649900
588.029900 557.836500 610.565600 481.875100
588.838600 554.171600 610.606900 478.114700
589.673700 550.509400 610.675400 474.366000
590.516100 546.866500 610.757900 470.620300
591.343500 543.261900 610.837700 466.921200
592.132200 539.698600 610.883100 463.262100
592.828000 536.162600 610.851100 459.645000
593.460000 532.659000 610.761200 456.075200
594.031700 529.277200 610.637000 452.631400
594.554500 526.081000 610.499500 449.382500
595.075800 523.072600 610.422700 446.323000
595.617300 520.255100 610.388800 443.438400
596.166400 517.626800 610.400700 440.723400
596.704800 515.143200 610.442800 438.170400
597.194900 512.833500 610.463600 435.799000
597.576200 510.694300 610.395000 433.595400
597.786600 508.667900 610.183400 431.538400
597.747500 506.649500 609.787700 429.537100
597.514600 504.697700 609.169200 427.635200
597.070500 502.800000 608.348800 425.846800
596.402400 500.998300 607.329700 424.169200
595.438900 499.228700 606.021100 422.594200
594.162500 497.526700 604.441800 421.162400
592.513700 495.900800 602.567400 419.926300
590.635600 494.532500 600.493000 418.942100
588.500500 493.343000 598.203500 418.196500
586.178900 492.278900 595.746300 417.623000
583.738500 491.279000 593.173500 417.124400
581.166800 490.215600 590.468400 416.595400
578.490800 489.083700 587.643700 416.021200
575.723500 487.861500 584.712400 415.370500
572.904600 486.554700 581.713000 414.640600
570.042200 485.190900 578.649100 413.855600
567.169200 483.760200 575.567600 413.006400
564.280500 482.280300 572.485800 412.128800
561.350400 480.769600 569.314400 411.214800
558.405800 479.261600 566.147300 410.296400
555.376800 477.743300 562.905800 409.380300
552.348800 476.229900 559.651200 408.465800
549.309400 474.657200 556.393700 407.499800
546.268100 473.067100 553.129100 406.525900
543.205700 471.460400 549.847200 405.539300
540.123400 469.844900 546.534400 404.554000
537.055800 468.227900 543.233000 403.575900
534.039300 466.620500 539.981100 402.578100
531.070100 465.041900 536.789100 401.623400
528.189800 463.496400 533.682900 400.675700
525.392500 461.985300 530.662600 399.748700
522.696400 460.482700 527.727600 398.801600
520.138600 459.018200 524.944500 397.879300
517.756100 457.609300 522.324600 396.980000
515.544600 456.272300 519.879300 396.105400
513.468500 454.993400 517.569800 395.273100
511.515000 453.792000 515.409300 394.496200
509.647000 452.752700 513.358800 393.841700
507.816400 451.952700 511.421900 393.411100
506.024700 451.375100 509.537000 393.220300
504.164400 451.057300 507.649700 393.299000
502.213400 450.955500 505.784500 393.648100
500.360000 451.174600 504.016100 394.245900
498.532400 451.717400 502.366400 395.146600
496.762400 452.594900 500.837100 396.376700
495.085200 453.803100 499.461200 397.911400
493.512800 455.370800 498.268800 399.789200
492.140200 457.192000 497.291300 401.936000
490.899800 459.329000 496.486000 404.358100
489.697100 461.689000 495.746200 406.988900
488.436200 464.216900 494.990100 409.761900
487.065300 466.910000 494.135200 412.738100
485.589500 469.753000 493.230000 415.885500
484.009700 472.740300 492.268800 419.193800
482.314200 475.837000 491.241000 422.611100
480.567300 479.018100 490.179000 426.133000
478.766800 482.282500 489.090100 429.718100
476.977200 485.484200 487.944700 433.323000
475.149800 488.770200 486.786600 437.020000
473.326600 492.020400 485.634300 440.683400
471.475600 495.302800 484.449900 444.367800
469.568200 498.617300 483.263600 448.070500
467.651300 501.958900 482.061100 451.782700
465.708000 505.334400 480.831800 455.549400
463.769100 508.731500 479.621700 459.331200
461.845200 512.161900 478.429900 463.127200
459.919600 515.621400 477.244600 466.961900
457.939000 519.112900 476.056200 470.801200
455.953400 522.620500 474.876700 474.665000
453.935100 526.117100 473.662300 478.506300
451.928900 529.614300 472.432400 482.363200
449.964500 533.134600 471.202200 486.230700
448.010500 536.687300 469.995600 490.121000
446.054100 540.236000 468.804100 494.013700
444.056100 543.807900 467.601200 497.922200
442.049300 547.417800 466.415600 501.841900
440.037800 551.028500 465.202700 505.765900
438.025200 554.634600 463.983700 509.722300
435.977800 558.237500 462.732000 513.693100
433.919500 561.855000 461.466900 517.677800
431.843000 565.470100 460.184700 521.682400
429.767800 569.108300 458.908900 525.655800
427.667800 572.747600 457.618100 529.662200
425.537800 576.435200 456.340800 533.685500
423.436400 580.100900 455.071100 537.720300
421.318500 583.767700 453.761600 541.771000
419.219900 587.449100 452.499400 545.841200
417.120400 591.134600 451.227400 549.889300
415.005200 594.832500 449.949100 553.976000
412.888500 598.541400 448.699400 558.004600
410.755500 602.261600 447.422100 562.052600
408.648800 605.999000 446.171900 566.140200
406.499300 609.720300 444.872900 570.209100
404.349900 613.457900 443.561800 574.357500
402.219500 617.158900 442.294400 578.413300
400.144400 620.804100 441.061600 582.445600
398.088300 624.376000 439.837300 586.383300
396.094000 627.872100 438.664900 590.238500
394.096100 631.363900 437.499700 594.085800
392.096200 634.841100 436.316800 597.883500
390.122200 638.266000 435.152900 601.645300
388.138200 641.719200 433.993200 605.446500
386.190000 645.182000 432.834900 609.199400
384.289400 648.626900 431.700300 612.962000
382.388400 652.005600 430.565200 616.690700
380.473700 655.356700 429.423800 620.379000
378.503900 658.701400 428.242100 624.066200
376.494800 662.062000 427.050400 627.811000
374.499000 665.373200 425.853300 631.563600
372.495100 668.759000 424.625300 635.373500
370.503500 672.182700 423.428900 639.186900
368.470500 675.625200 422.177800 643.021100
366.423200 679.124800 420.929100 646.904200
364.370700 682.649600 419.687100 650.823800
362.295100 686.175900 418.405000 654.779300
360.227100 689.735900 417.137400 658.749800
358.182300 693.297500 415.884600 662.695200
356.109700 696.850900 414.617600 666.620600
354.085800 700.357400 413.358800 670.505800
352.038300 703.859700 412.079000 674.402900
350.008800 707.353700 410.847900 678.251000
347.982700 710.855500 409.611400 682.116000
345.942000 714.320900 408.340700 685.944900
343.906200 717.779200 407.076700 689.809000
341.889600 721.226700 405.832700 693.590600
339.882000 724.654800 404.596100 697.374400
337.868700 728.103400 403.359200 701.172300
335.866200 731.571800 402.138800 704.984200
333.967500 735.105200 400.911100 708.854800
332.130600 738.707000 399.667400 712.773100
330.109000 742.325700 398.450900 716.739400
328.052600 745.993300 397.195600 720.803000
325.960300 749.694700 395.928000 724.840100
323.882400 753.400900 394.666200 728.914000
321.810400 757.046400 393.404700 732.928900
319.688500 760.664000 392.136300 736.900200
317.595700 764.288500 390.790500 740.878600
315.554700 767.892700 389.461400 744.835800
313.514600 771.526200 388.113900 748.788600
311.450700 775.119600 386.747800 752.690800
309.357300 778.629400 385.348400 756.563800
307.194900 782.050500 383.893900 760.351700
304.937400 785.448200 382.353200 764.136000
302.592400 788.799400 380.725700 767.911000
300.153800 792.111000 379.006900 771.669400
297.624000 795.374800 377.186800 775.416200
294.927000 798.539300 375.272200 779.121500
292.185800 801.678500 373.222400 782.836100
289.192200 804.695700 371.064700 786.488600
286.151300 807.624000 368.800400 790.090900
283.065000 810.476300 366.462200 793.592300
280.007100 813.213700 364.032500 797.004500
276.942200 815.904300 361.575600 800.264100
273.811500 818.493600 359.026500 803.449400
270.605600 820.960500 356.360800 806.555100
267.321200 823.303700 353.608500 809.539600
264.005200 825.567800 350.795200 812.465000
260.657900 827.735000 347.905200 815.307200
257.273000 829.813900 344.972800 818.063600
253.861800 831.809200 342.023700 820.718900
250.446800 833.761300 339.031300 823.356200
247.052800 835.652800 336.073800 825.920900
243.677200 837.476800 333.074900 828.467200
240.295500 839.294300 330.132800 830.964200
236.906500 841.089700 327.156200 833.447000
233.510200 842.896300 324.201400 835.931000
230.131200 844.723000 321.243200 838.450400
226.769300 846.514500 318.331100 840.907800
223.408300 848.268000 315.407600 843.350000
220.026300 849.991200 312.483100 845.767000
216.652600 851.728000 309.559000 848.190700
213.269900 853.442300 306.605600 850.591600
209.880600 855.139200 303.643700 852.981300
206.468800 856.885000 300.662200 855.401300
203.010300 858.620500 297.641400 857.847100
199.502700 860.363300 294.576500 860.320500
196.002500 862.107300 291.526100 862.813300
192.526600 863.893400 288.517500 865.307500
189.070200 865.686900 285.530300 867.821400
185.622800 867.526100 282.553200 870.392800
182.188500 869.362900 279.573500 872.952500
178.750800 871.210600 276.608600 875.497000
175.314500 873.051400 273.626600 878.061900
171.878500 874.938000 270.647000 880.695600
168.464000 876.882000 267.729400 883.361600
165.093500 878.898700 264.862200 886.074800
161.793700 881.039600 262.094500 888.922500
158.553600 883.315600 259.408900 891.881900
155.369300 885.727000 256.825900 894.947400
152.279000 888.277000 254.369000 898.124700
149.259200 890.897300 251.961700 901.380700
146.298100 893.633000 249.659900 904.705900
143.341500 896.377900 247.375100 908.039700
140.419600 899.149000 245.125300 911.390600
137.428800 901.883400 242.816300 914.719300
134.430600 904.585400 240.482100 918.041900
131.430500 907.268900 238.138300 921.361200
128.400000 909.942700 235.763100 924.659100
125.387100 912.605700 233.377400 927.956800
122.446000 915.311700 231.084700 931.262300
