-0.000000 0.000000 0.000000 0.000000
-0.031067 2.888054 0.000965 2.882007
-0.064585 5.738958 0.006684 5.728701
-0.101303 8.535486 -0.004281 8.525413
-0.142195 11.339520 -0.020497 11.310670
-0.184906 14.041360 -0.044962 14.054620
-0.236713 16.743090 -0.091570 16.758340
-0.293743 19.414190 -0.157880 19.442450
-0.351775 22.037930 -0.213641 22.068380
-0.412104 24.615430 -0.289832 24.639600
-0.469077 27.080370 -0.370688 27.124070
-0.537729 29.454710 -0.455791 29.521720
-0.609883 31.753310 -0.553348 31.833470
-0.707028 33.962280 -0.659935 34.064000
-0.822501 36.085730 -0.775367 36.191470
-0.935694 38.111240 -0.890598 38.234010
-1.022967 40.037480 -0.987215 40.178600
-1.107347 41.890890 -1.083221 42.052180
-1.156523 43.592390 -1.139572 43.776120
-1.165281 45.110470 -1.157094 45.309340
-1.139704 46.435620 -1.132795 46.647410
-1.077742 47.567320 -1.082324 47.786470
-1.006263 48.450880 -1.021536 48.699200
-0.897746 49.232390 -0.914504 49.485350
-0.757712 49.986150 -0.779261 50.234080
-0.562625 50.707270 -0.577833 50.963420
-0.317219 51.420200 -0.343226 51.682030
0.000274 52.129820 -0.040772 52.407030
0.427978 52.800310 0.394786 53.082550
0.965237 53.472800 0.930315 53.762670
1.658262 54.153430 1.625011 54.465510
2.612681 54.789880 2.572729 55.132780
3.766145 55.335410 3.725376 55.700150
5.103719 55.721430 5.051994 56.142070
6.612372 55.902800 6.544247 56.366010
8.209580 55.971350 8.153288 56.470340
9.933246 55.981820 9.875716 56.487920
11.755010 55.963040 11.685590 56.460250
13.673080 55.883300 13.622470 56.406700
15.697980 55.779010 15.662960 56.335610
17.784720 55.672100 17.771750 56.258600
19.978240 55.590270 19.992110 56.206490
22.167140 55.510110 22.194870 56.164880
24.373310 55.484540 24.427560 56.156430
26.568060 55.472620 26.653540 56.163860
28.777650 55.510270 28.891320 56.186100
30.985590 55.548590 31.135990 56.227650
33.207400 55.613480 33.382870 56.300550
35.442520 55.709300 35.658780 56.393330
37.704740 55.826600 37.919540 56.515060
40.002200 55.976310 40.240320 56.665680
42.339510 56.141300 42.596620 56.829960
44.713720 56.343910 44.982780 57.028030
47.122240 56.605330 47.378000 57.288080
49.540680 56.921620 49.824070 57.600270
51.989070 57.297260 52.282170 57.969470
54.343180 57.698510 54.645650 58.369480
56.645460 58.120330 56.964990 58.798340
58.876010 58.567270 59.231480 59.247290
61.013190 59.021080 61.407750 59.704160
63.055930 59.468430 63.468440 60.147460
65.032810 59.902180 65.472140 60.583560
66.922080 60.298360 67.388100 60.987950
68.724720 60.677920 69.206370 61.355400
70.449950 61.033000 70.975860 61.708940
72.086540 61.346730 72.651270 62.018710
73.701140 61.657010 74.307600 62.315930
75.335240 61.944750 75.976020 62.594100
76.992600 62.291350 77.670710 62.941650
78.692590 62.691950 79.416640 63.346850
80.453400 63.179850 81.205330 63.818440
82.265790 63.740490 83.062940 64.371870
84.194030 64.399810 85.021940 65.017230
86.224450 65.153770 87.049890 65.742440
88.357870 65.993410 89.185610 66.541340
90.502450 66.907090 91.347950 67.425000
92.609040 67.903710 93.495200 68.385310
94.633120 68.920130 95.555520 69.359920
96.583420 69.912990 97.565230 70.321230
98.435050 70.883890 99.477390 71.271630
100.212200 71.816210 101.291900 72.169470
101.905500 72.735820 103.030000 73.061590
103.511500 73.620900 104.686200 73.913210
105.060100 74.482340 106.261800 74.739190
106.565000 75.343110 107.789800 75.576780
108.028900 76.228830 109.259100 76.443190
109.484600 77.160920 110.731500 77.356550
111.012500 78.171090 112.245700 78.349860
112.582900 79.246780 113.808800 79.417560
114.228600 80.425890 115.440700 80.580780
115.947600 81.729260 117.146700 81.864320
117.700100 83.151090 118.907900 83.266140
119.523000 84.685210 120.727700 84.764010
121.433400 86.292660 122.638800 86.332080
123.377700 87.978210 124.606100 87.989630
125.311100 89.753620 126.568800 89.749000
127.275600 91.596860 128.558700 91.554180
129.224500 93.463900 130.579600 93.401760
131.149100 95.403230 132.586800 95.323620
133.059000 97.419260 134.576700 97.300300
134.953900 99.488560 136.541400 99.323120
136.852800 101.578900 138.509500 101.373500
138.768400 103.700800 140.458700 103.426300
140.668600 105.771500 142.441700 105.495000
142.593300 107.805600 144.427400 107.507300
144.499400 109.783900 146.394000 109.459200
146.448400 111.754000 148.395200 111.376100
148.396300 113.639400 150.406000 113.229200
150.376300 115.438400 152.429100 115.042500
152.404100 117.222400 154.499300 116.838800
154.478600 118.989300 156.594400 118.604600
156.645400 120.724500 158.809900 120.358500
158.905800 122.432200 161.090500 122.053600
161.194700 124.063600 163.415000 123.683200
163.498700 125.601900 165.768200 125.231700
165.800800 127.092000 168.114800 126.694100
168.046900 128.527100 170.393500 128.074700
170.193100 129.881700 172.621300 129.393300
172.320500 131.175000 174.820600 130.648100
174.354500 132.418200 176.926600 131.848800
176.353200 133.630800 178.993700 132.996900
178.293700 134.777800 180.998500 134.110700
180.174800 135.863800 182.955900 135.157800
181.990300 136.890800 184.854600 136.133500
183.746700 137.844100 186.698600 137.052500
185.502900 138.752600 188.541900 137.926200
187.316700 139.650000 190.439000 138.785000
189.197800 140.526600 192.380500 139.621700
191.166700 141.381000 194.420400 140.443800
193.245000 142.204500 196.555400 141.224300
195.460000 143.026300 198.824100 141.998400
197.772100 143.833600 201.201500 142.747000
200.145100 144.607400 203.633000 143.464100
202.692400 145.397600 206.223000 144.156500
205.249500 146.171900 208.837000 144.890700
207.860900 146.926000 211.545900 145.585700
210.549200 147.643600 214.312300 146.238500
213.300400 148.348200 217.175300 146.860400
216.084100 149.048900 220.019800 147.478100
218.860300 149.726200 222.848000 148.081500
221.644800 150.382100 225.711400 148.665700
224.412100 151.021800 228.507400 149.244900
227.167600 151.643200 231.340000 149.802300
229.918900 152.230300 234.186500 150.312800
232.689500 152.785800 236.986100 150.779400
235.449300 153.313200 239.785500 151.225600
238.199800 153.803200 242.595900 151.650500
240.934200 154.256400 245.375600 152.042000
243.668800 154.668400 248.170500 152.384600
246.368400 155.041200 250.915100 152.694600
249.069800 155.358200 253.665500 152.953000
251.725900 155.632800 256.345200 153.195900
254.402400 155.881300 259.050500 153.389400
257.042800 156.089700 261.735100 153.544000
259.660100 156.224000 264.391800 153.622900
262.271700 156.315800 267.047500 153.645000
264.865700 156.356900 269.656900 153.619300
267.459400 156.359600 272.269500 153.543300
270.039500 156.343700 274.867100 153.461600
272.588200 156.330000 277.420800 153.384200
275.056200 156.330100 279.913700 153.322700
277.448400 156.359600 282.356600 153.279900
279.738200 156.429500 284.698200 153.292600
281.938200 156.520200 286.953400 153.320600
284.012100 156.634000 289.075700 153.371600
285.967000 156.761600 291.061800 153.442100
287.810800 156.898300 292.916600 153.538800
289.549300 157.041600 294.681900 153.649300
291.199000 157.180400 296.353100 153.775700
292.759600 157.324200 297.939600 153.893300
294.237400 157.467800 299.434500 154.003900
295.702000 157.617000 300.907800 154.124500
297.209000 157.765400 302.418100 154.231400
298.767900 157.889400 303.987500 154.301800
300.432800 158.016900 305.673500 154.382700
302.189300 158.141600 307.457900 154.440300
304.038500 158.267800 309.352200 154.509800
305.995200 158.405700 311.339900 154.572000
308.048700 158.531900 313.415800 154.627500
310.174500 158.661100 315.582800 154.689400
312.381400 158.771100 317.830700 154.723900
314.676200 158.867600 320.166300 154.727900
317.037300 158.975500 322.550200 154.745000
319.477900 159.096700 325.013500 154.776500
321.983300 159.231700 327.569200 154.807500
324.556700 159.385400 330.185300 154.856900
327.199000 159.561700 332.864700 154.903300
329.888000 159.763100 335.601400 155.005800
332.606500 159.992500 338.380400 155.146100
335.346200 160.242300 341.207800 155.276500
338.087800 160.502200 344.015400 155.435200
340.808300 160.751300 346.799400 155.603200
343.520500 160.989100 349.572400 155.767000
346.223500 161.227200 352.311300 155.904700
348.906500 161.474100 355.050200 156.062900
351.590100 161.717700 357.759900 156.216300
354.273100 161.969400 360.478800 156.391100
356.966000 162.239900 363.183600 156.603900
359.666600 162.550200 365.918300 156.873500
362.375700 162.896300 368.633300 157.199400
365.062800 163.323000 371.337600 157.601700
367.727000 163.850800 374.042200 158.072500
370.348600 164.475400 376.718500 158.599200
372.964400 165.138700 379.414800 159.179300
375.599800 165.826700 382.115900 159.789500
378.229900 166.566100 384.821100 160.443300
380.801800 167.357500 387.491600 161.121400
383.318400 168.171800 390.093300 161.838600
385.808200 169.013900 392.666600 162.585100
388.246500 169.856400 395.172600 163.331300
390.650800 170.695000 397.670000 164.059000
393.014800 171.503500 400.117000 164.753500
395.404400 172.284100 402.566200 165.430900
397.780400 173.063700 405.006200 166.111500
400.205400 173.874000 407.504400 166.808900
402.725900 174.699400 410.065800 167.510600
405.238700 175.529800 412.701600 168.225100
407.810400 176.369600 415.354400 168.935400
410.380800 177.246300 418.018200 169.680800
412.944100 178.091800 420.651600 170.422500
415.502100 178.907300 423.265100 171.146300
417.987000 179.722000 425.792800 171.861600
420.400700 180.499000 428.252800 172.551300
422.723500 181.229600 430.610100 173.194200
424.970600 181.953100 432.904100 173.819900
427.191300 182.654700 435.195900 174.425000
429.364900 183.330700 437.388000 174.994100
431.542400 184.015100 439.582500 175.552200
433.709700 184.706100 441.774200 176.129900
435.894400 185.396800 444.020500 176.714500
437.987000 186.094800 446.163900 177.311100
439.976500 186.775400 448.208100 177.903800
441.889500 187.423200 450.170900 178.466500
443.709700 188.041300 452.023000 178.985000
445.449300 188.641500 453.776700 179.496200
447.056300 189.201200 455.426000 180.000900
448.590500 189.739900 456.993200 180.461600
450.015000 190.249300 458.450400 180.885200
451.352700 190.721500 459.812300 181.290100
452.596100 191.161200 461.082400 181.678200
453.710200 191.550200 462.226100 182.010500
454.731200 191.911400 463.289900 182.305200
455.653200 192.246800 464.228500 182.582900
456.505300 192.533700 465.088100 182.807900
457.319300 192.826200 465.908500 183.035900
458.109900 193.111500 466.692500 183.274400
458.896600 193.410900 467.485700 183.506000
459.697700 193.760100 468.276000 183.791300
460.531700 194.165900 469.114300 184.138100
461.370300 194.631800 469.948600 184.558800
462.158600 195.139900 470.729900 185.034200
462.899600 195.612800 471.476000 185.467200
463.586200 195.962000 472.201200 185.768900
464.354300 196.273600 472.923400 186.009600
465.139400 196.550800 473.714700 186.227600
465.948600 196.799800 474.526900 186.411300
466.714000 197.006300 475.330100 186.573400
467.409700 197.209000 476.012000 186.726400
468.004600 197.427000 476.611000 186.913300
468.491000 197.643300 477.112700 187.134600
468.884200 197.788300 477.512700 187.282900
469.204000 197.984300 477.819900 187.488600
469.473000 198.134800 478.095500 187.662000
469.708700 198.262200 478.339400 187.805600
469.857800 198.400100 478.480400 187.953900
469.984600 198.505100 478.601800 188.049700
470.093200 198.600100 478.722800 188.142400
