-0.000000 0.000000 0.000000 0.000000
0.002038 3.941730 -0.010410 3.956813
0.007571 7.908775 -0.019590 7.936345
0.006781 11.904260 -0.042379 11.934310
-0.005852 15.930660 -0.078902 15.964620
0.005006 19.986700 -0.082758 20.036940
-0.007369 24.072100 -0.123175 24.124570
0.001962 28.194720 -0.135975 28.268860
0.006827 32.335310 -0.172857 32.430680
0.012119 36.507890 -0.196534 36.620510
0.019429 40.704370 -0.231838 40.829590
0.026224 44.928210 -0.262564 45.088730
0.033592 49.179630 -0.291861 49.362770
0.025370 53.457160 -0.346736 53.672940
0.013229 57.745500 -0.391148 57.981830
0.002764 62.027950 -0.443634 62.306650
-0.005954 66.289400 -0.489085 66.605080
-0.027023 70.530000 -0.558124 70.843110
-0.046776 74.742450 -0.633864 75.092480
-0.052873 78.934960 -0.687947 79.293230
-0.048388 83.097210 -0.728248 83.434690
-0.075180 87.250150 -0.777667 87.585750
-0.111047 91.375240 -0.831180 91.691360
-0.169705 95.460760 -0.904587 95.782140
-0.234406 99.515130 -0.981914 99.834650
-0.286760 103.545900 -1.055888 103.900700
-0.334309 107.565300 -1.127101 107.922500
-0.394315 111.576600 -1.188229 111.933800
-0.429590 115.560100 -1.258959 115.928400
-0.430614 119.561300 -1.314007 119.974700
-0.456074 123.624200 -1.360425 123.997200
-0.470849 127.692500 -1.394407 128.045600
-0.470125 131.755700 -1.412476 132.068100
-0.466120 135.814600 -1.421428 136.119200
-0.464181 139.862600 -1.446521 140.202900
-0.474702 143.909900 -1.484947 144.289200
-0.484415 147.953800 -1.516323 148.365400
-0.497985 151.991700 -1.555415 152.423800
-0.518837 156.032900 -1.613833 156.471300
-0.490889 160.078600 -1.637634 160.525300
-0.476780 164.129500 -1.692486 164.593400
-0.449484 168.200000 -1.732201 168.678700
-0.411154 172.284100 -1.790232 172.814100
-0.358878 176.408600 -1.859483 176.987300
-0.313655 180.542000 -1.904868 181.145300
-0.318656 184.703900 -1.994800 185.338900
-0.308933 188.900300 -2.076641 189.605100
-0.300756 193.121300 -2.141475 193.879300
-0.295505 197.380900 -2.191416 198.155300
-0.332199 201.657300 -2.289814 202.456100
-0.348136 205.970400 -2.369950 206.832600
-0.342964 210.323200 -2.432632 211.211900
-0.357581 214.714200 -2.519437 215.643700
-0.360488 219.141900 -2.599960 220.075800
-0.375507 223.589400 -2.696708 224.589200
-0.378527 228.060200 -2.796443 229.088500
-0.374570 232.542100 -2.891760 233.646400
-0.378408 237.044600 -2.991449 238.185100
-0.382092 241.571200 -3.098196 242.750700
-0.377078 246.123100 -3.194871 247.333200
-0.365894 250.696400 -3.294542 251.955900
-0.356528 255.288500 -3.389998 256.590100
-0.340799 259.900300 -3.459347 261.279700
-0.325374 264.511300 -3.534897 265.924400
-0.317394 269.137700 -3.600806 270.565700
-0.314040 273.764900 -3.675592 275.227700
-0.306203 278.395200 -3.728905 279.918700
-0.276490 283.049800 -3.768758 284.580500
-0.230158 287.699900 -3.806082 289.267600
-0.192693 292.369200 -3.844885 293.967500
-0.168171 297.072300 -3.896046 298.706300
-0.143657 301.821100 -3.949033 303.479500
-0.111308 306.608600 -3.987591 308.291000
-0.093249 311.433100 -4.025375 313.122300
-0.107981 316.295300 -4.078170 318.029000
-0.103970 321.182300 -4.114992 322.957900
-0.096484 326.068200 -4.152383 327.875900
-0.074427 330.950800 -4.191118 332.782600
-0.054350 335.802400 -4.220828 337.666200
-0.042570 340.628700 -4.274691 342.526300
-0.035147 345.452500 -4.339444 347.360300
-0.041563 350.253200 -4.404678 352.168500
-0.075066 355.037900 -4.484105 356.969800
-0.109101 359.812500 -4.560476 361.759200
-0.141995 364.586700 -4.637742 366.547600
-0.185891 369.386600 -4.713748 371.367400
-0.237813 374.225300 -4.801840 376.193300
-0.270401 378.992900 -4.882705 381.053100
-0.296087 383.840800 -4.971602 385.937300
-0.316454 388.685700 -5.057513 390.836500
-0.323790 393.557900 -5.134197 395.770500
