0.000000 0.000000 0.000000 0.000000
-0.007832 1.689225 -0.012788 1.692193
-0.029694 3.390281 -0.031411 3.390894
-0.070081 5.150463 -0.066192 5.151404
-0.123858 6.989627 -0.120173 6.994318
-0.184475 8.978383 -0.181146 8.974333
-0.253794 11.064230 -0.255173 11.056450
-0.296212 13.335200 -0.319424 13.327810
-0.345120 15.748820 -0.386692 15.741400
-0.368644 18.288060 -0.458231 18.297970
-0.406558 20.990620 -0.538813 21.017340
-0.450732 23.849210 -0.624379 23.868780
-0.505576 26.794890 -0.718510 26.795910
-0.567916 29.817300 -0.803401 29.812110
-0.634186 32.902500 -0.894403 32.903560
-0.704629 36.067260 -0.982323 36.095610
-0.763742 39.276990 -1.087962 39.315610
-0.840559 42.506460 -1.195976 42.573040
-0.944805 45.707290 -1.309152 45.808520
-1.050114 48.934630 -1.425140 49.061650
-1.142897 52.159540 -1.532652 52.307540
-1.248790 55.372460 -1.633635 55.554850
-1.352181 58.600620 -1.726782 58.820980
-1.444555 61.847430 -1.811889 62.108030
-1.528092 65.085270 -1.899841 65.374610
-1.623511 68.349680 -2.002407 68.665000
-1.697570 71.605970 -2.085856 71.962930
-1.784427 74.842930 -2.167663 75.243790
-1.892754 78.044640 -2.264749 78.485700
-2.009246 81.241000 -2.369557 81.717510
-2.118145 84.381460 -2.466590 84.892220
-2.224921 87.410700 -2.567577 87.961740
-2.344772 90.265560 -2.683990 90.850760
-2.486719 92.915770 -2.819822 93.531670
-2.649588 95.352060 -2.969863 95.980770
-2.827593 97.533080 -3.126876 98.183930
-2.992555 99.437370 -3.285610 100.109400
-3.132396 101.119600 -3.417039 101.811100
-3.196722 102.604300 -3.470453 103.306900
-3.182672 103.907400 -3.445206 104.618500
-3.061832 105.116200 -3.316092 105.838000
-2.813888 106.240500 -3.060369 106.982600
-2.431748 107.285400 -2.665089 108.021600
-1.921488 108.234600 -2.151812 108.973600
-1.282825 109.049600 -1.488834 109.813800
-0.530716 109.791000 -0.739073 110.534400
0.374458 110.404000 0.182656 111.140700
1.408134 110.856700 1.255438 111.625700
2.533142 111.185100 2.402355 111.946500
3.783818 111.364400 3.657357 112.118600
5.173439 111.489500 5.048965 112.248900
6.728517 111.518300 6.623520 112.279500
8.447661 111.482200 8.363993 112.248500
10.365340 111.411600 10.300850 112.186900
12.440570 111.376600 12.403980 112.160100
14.658270 111.336300 14.638950 112.135700
16.980990 111.294300 16.982630 112.113000
19.371510 111.225100 19.421370 112.075300
21.827520 111.168600 21.916100 112.035900
24.338230 111.128000 24.467930 111.991800
26.865460 111.086600 27.026450 111.946200
29.340250 111.018500 29.529250 111.894500
31.824380 110.949500 32.037700 111.835600
34.255590 110.895700 34.499520 111.800900
36.655720 110.832300 36.943160 111.740700
39.023530 110.760300 39.344650 111.670000
41.348270 110.661800 41.692320 111.570700
43.625630 110.563400 44.007040 111.472000
45.778700 110.472200 46.181590 111.381300
47.871130 110.381700 48.290240 111.287900
49.939530 110.289100 50.379380 111.194400
51.971720 110.194600 52.450310 111.098200
53.966400 110.084400 54.472780 110.979400
55.968740 109.922700 56.504450 110.811700
58.012520 109.724900 58.589200 110.614300
60.142410 109.502900 60.737300 110.387100
62.329410 109.265100 62.933600 110.147100
64.563430 109.013700 65.166570 109.896300
66.805840 108.790700 67.420710 109.641100
69.024790 108.566800 69.648780 109.385200
71.274060 108.316000 71.900810 109.116600
73.551630 108.056300 74.185470 108.834600
75.878910 107.783000 76.540820 108.538200
78.249380 107.482800 78.954700 108.209400
80.656160 107.159100 81.409420 107.861300
83.128450 106.823200 83.924420 107.500000
85.650170 106.498800 86.482640 107.145000
88.195570 106.179900 89.066460 106.806400
90.756270 105.878900 91.654760 106.487200
93.347120 105.574100 94.278090 106.169600
95.936460 105.267700 96.889560 105.837400
98.498850 104.969700 99.470830 105.525400
101.043100 104.696300 102.045700 105.238100
103.535900 104.414000 104.567300 104.941400
105.990700 104.117400 107.036800 104.633500
108.401400 103.830100 109.477600 104.328400
110.756600 103.530500 111.853200 104.006300
113.078300 103.210700 114.182500 103.660900
115.356600 102.887000 116.476200 103.316900
117.639100 102.533100 118.777700 102.945500
119.873200 102.178000 121.028700 102.565400
122.079200 101.811900 123.238000 102.167300
124.272600 101.407700 125.447800 101.738200
126.424700 100.975200 127.613600 101.286200
128.537100 100.456100 129.741200 100.745900
130.617700 99.856810 131.832400 100.126500
132.667800 99.216070 133.893300 99.472560
134.687400 98.553530 135.923600 98.797600
136.660100 97.926510 137.903200 98.158440
138.607400 97.314350 139.862800 97.528510
140.503400 96.738880 141.772900 96.936670
142.369000 96.204360 143.647900 96.392290
144.202100 95.695640 145.496800 95.859080
145.980300 95.244100 147.299500 95.389510
147.725300 94.841610 149.072000 94.966020
149.451200 94.497860 150.819900 94.602750
151.160400 94.251030 152.549600 94.337770
152.853900 94.142140 154.278800 94.218160
154.532700 94.132680 155.979600 94.199840
156.196500 94.120650 157.668200 94.158650
157.821400 94.007330 159.320400 93.997300
159.401200 93.838200 160.912000 93.787760
160.938600 93.578160 162.460700 93.485480
162.417600 93.276270 163.964100 93.132750
163.854200 92.938740 165.424400 92.747500
165.277700 92.622550 166.866900 92.379150
166.674900 92.299640 168.301900 92.014000
168.125300 91.946090 169.791300 91.608560
169.638900 91.526300 171.334900 91.155820
171.214100 91.062420 172.923400 90.659640
172.836600 90.569120 174.559900 90.127350
174.480800 90.035230 176.221600 89.551780
176.115700 89.513510 177.874100 88.993610
177.736600 89.009020 179.503200 88.447220
179.315600 88.539550 181.090400 87.932360
180.808000 88.123170 182.589800 87.469240
182.185700 87.753480 183.969500 87.059530
183.432400 87.482040 185.216000 86.755140
184.623100 87.293670 186.410300 86.541220
185.803900 87.231550 187.598200 86.457930
186.952000 87.297830 188.751700 86.503440
188.068600 87.451920 189.888000 86.647290
189.154900 87.728640 190.979200 86.911000
190.233600 88.157250 192.068900 87.325190
191.320100 88.781620 193.180700 87.939420
192.410500 89.600550 194.279000 88.735920
193.454200 90.684490 195.335500 89.797530
194.437900 91.988930 196.350000 91.074020
195.378100 93.548950 197.324900 92.613740
196.271500 95.327110 198.260000 94.361520
197.137400 97.277400 199.197800 96.299070
197.949900 99.411050 200.075000 98.416590
198.716100 101.702700 200.895700 100.694000
199.516800 104.092500 201.771500 103.084800
200.371000 106.590800 202.689700 105.575900
201.252400 109.169500 203.644400 108.145900
202.151000 111.754400 204.608700 110.733400
203.059200 114.350500 205.579500 113.332300
203.983900 117.000400 206.551600 115.926800
204.857600 119.562000 207.505100 118.523000
205.735000 122.179100 208.447200 121.129500
206.598600 124.790300 209.390700 123.742100
207.440900 127.377400 210.305200 126.310100
208.242800 129.908400 211.184900 128.830500
208.997300 132.350000 212.011000 131.255900
209.687300 134.653600 212.765300 133.544300
210.315800 136.812600 213.456600 135.690800
210.853400 138.781000 214.052300 137.650100
211.314900 140.528100 214.563200 139.387900
211.724000 142.072000 215.013000 140.929800
212.087800 143.489600 215.405200 142.333200
212.418900 144.848700 215.770600 143.697800
212.644500 146.170800 216.031600 145.022800
212.735200 147.467000 216.151600 146.308700
212.655400 148.727700 216.094800 147.581600
212.394800 149.931200 215.853200 148.785900
211.967700 151.060900 215.442400 149.911400
211.327800 152.041400 214.853200 150.903700
210.570500 152.900300 214.103200 151.762200
209.690200 153.609600 213.222900 152.485500
208.709700 154.127900 212.260800 153.016200
207.628600 154.446600 211.240800 153.360900
206.514300 154.663600 210.134300 153.601700
205.342600 154.839800 208.960000 153.809300
204.054700 154.916400 207.684000 153.927800
202.653200 155.003000 206.263100 154.059800
201.071000 155.004800 204.671300 154.108600
199.317900 154.934200 202.907800 154.095200
197.401000 154.857200 200.962600 154.070600
195.316900 154.772000 198.871900 154.044500
193.070500 154.750200 196.595400 154.085800
190.668800 154.808600 194.173000 154.210600
188.123400 154.966400 191.612400 154.426600
185.505500 155.209900 188.955600 154.725000
182.877200 155.502600 186.301900 155.086800
180.229400 155.806300 183.623700 155.458300
177.558300 156.111000 180.926000 155.839100
174.880600 156.428400 178.237600 156.215500
172.210900 156.745600 175.568300 156.590900
169.531800 157.057600 172.875500 156.971800
166.857300 157.367500 170.191900 157.334700
164.166400 157.687700 167.510900 157.719000
161.543900 158.015100 164.849300 158.110000
158.917500 158.348300 162.219600 158.492300
156.307000 158.685700 159.599300 158.887900
153.701700 159.029500 156.986600 159.282900
151.074500 159.379400 154.343800 159.688200
148.417600 159.744000 151.664500 160.114100
145.726100 160.131500 148.956000 160.566000
143.006700 160.516800 146.214300 161.022700
140.244900 160.894500 143.427700 161.481400
137.441200 161.249200 140.600400 161.910900
134.595200 161.560200 137.738800 162.289500
131.711200 161.840600 134.837700 162.660900
128.789000 162.129400 131.889800 163.032100
125.847000 162.402500 128.936600 163.403000
122.922800 162.662800 125.997600 163.745800
120.011500 162.917000 123.071900 164.092500
117.096200 163.164900 120.147100 164.434800
114.183400 163.417600 117.224400 164.786900
111.271300 163.676400 114.304700 165.130700
108.360000 163.930000 111.381900 165.475500
105.444700 164.185400 108.448700 165.826400
102.540700 164.434900 105.530200 166.171700
99.644400 164.672400 102.640200 166.500500
96.744730 164.928100 99.728590 166.848200
93.849290 165.223100 96.814990 167.227800
90.952140 165.530200 93.918840 167.617900
88.065380 165.851200 91.025710 168.028600
85.150470 166.191600 88.115160 168.451600
82.242610 166.531500 85.200230 168.875900
79.311830 166.862600 82.257880 169.298700
76.393260 167.201900 79.340800 169.721600
73.438700 167.538900 76.376440 170.155300
70.485150 167.863400 73.420990 170.569700
67.519840 168.167700 70.454830 170.961200
64.540850 168.441900 67.481080 171.321900
61.540400 168.697200 64.479130 171.664100
58.537190 168.941400 61.478440 172.002000
55.533930 169.185000 58.479900 172.344800
52.543330 169.420200 55.495090 172.678700
49.571870 169.640200 52.526470 172.988000
46.635500 169.839600 49.595040 173.278900
43.710130 170.017100 46.662590 173.550000
40.823360 170.176600 43.770370 173.796100
37.953040 170.328300 40.894510 174.037700
35.132860 170.473500 38.066600 174.271900
32.385260 170.602800 35.325970 174.491200
29.704360 170.713400 32.652380 174.693500
27.093420 170.807100 30.034260 174.876300
24.583170 170.877300 27.508700 175.034500
22.209330 170.937800 25.114590 175.189900
19.944280 171.027800 22.832650 175.362600
17.748010 171.142200 20.614650 175.558300
15.606760 171.273100 18.453070 175.766500
13.545460 171.403600 16.379110 175.977200
11.568070 171.540200 14.384690 176.190600
9.709170 171.687300 12.506570 176.404700
7.998637 171.853700 10.783350 176.627900
6.432635 172.024100 9.211698 176.838100
4.995356 172.227700 7.771322 177.075100
3.674361 172.460800 6.440174 177.346700
2.475555 172.738700 5.247721 177.663900
1.394096 173.060700 4.180979 178.014100
0.435287 173.448800 3.228962 178.424200
-0.481995 173.905100 2.326891 178.915500
-1.324858 174.456900 1.504804 179.478500
-2.065394 175.091700 0.780418 180.119000
-2.762100 175.808500 0.094435 180.879300
-3.408457 176.720100 -0.513463 181.798600
-3.994755 177.763900 -1.045821 182.832000
-4.506015 178.951500 -1.515670 184.060900
-4.930925 180.367000 -1.885423 185.466900
-5.212692 181.952900 -2.097576 187.066100
-5.351521 183.714600 -2.167266 188.836600
-5.392321 185.625500 -2.123504 190.757800
-5.387940 187.682900 -2.027704 192.821100
-5.372151 189.871900 -1.920785 195.017500
-5.386586 192.193400 -1.847873 197.329500
-5.406023 194.585200 -1.789927 199.736200
-5.440439 197.017600 -1.743179 202.169000
-5.475977 199.456500 -1.713971 204.617400
-5.514842 201.934200 -1.677872 207.108400
-5.560062 204.406700 -1.652666 209.595800
-5.616804 206.863600 -1.637338 212.073000
-5.692115 209.294100 -1.635322 214.503500
-5.775682 211.678200 -1.648082 216.914100
-5.860771 213.990100 -1.657544 219.248400
-5.940900 216.159300 -1.671097 221.435700
-6.023283 218.169400 -1.686402 223.462500
-6.114588 220.000600 -1.717622 225.305000
-6.209081 221.641100 -1.752065 226.942000
-6.290085 223.094700 -1.782980 228.383700
-6.323739 224.427000 -1.772275 229.726600
-6.274326 225.732300 -1.679617 231.028400
-6.132258 226.985000 -1.490151 232.285800
-5.842543 228.167200 -1.149408 233.481300
-5.392446 229.278300 -0.653160 234.574400
-4.842747 230.275700 -0.048340 235.590100
-4.162700 231.192700 0.676407 236.486400
-3.339169 232.032200 1.538323 237.288200
-2.397566 232.795000 2.518506 238.040400
-1.278517 233.345000 3.705874 238.607200
0.002398 233.849400 5.004892 239.079900
1.451824 234.167300 6.480372 239.348600
3.063341 234.394700 8.111074 239.535800
4.818404 234.521700 9.892017 239.626900
6.718857 234.529500 11.811650 239.573900
8.771869 234.476900 13.872450 239.456800
10.950050 234.353500 16.050420 239.260700
13.283690 234.242600 18.377180 239.071400
15.698180 234.114100 20.778130 238.853700
18.109840 234.011200 23.178240 238.659700
20.538930 233.937000 25.613800 238.499200
23.000350 233.896100 28.050320 238.357600
25.454510 233.895700 30.528640 238.244700
27.927720 233.889300 33.025390 238.134900
30.407900 233.872000 35.538590 238.008900
32.882140 233.853600 38.036120 237.885300
35.338500 233.829000 40.507920 237.746000
37.779520 233.790500 42.956820 237.595000
40.179400 233.727500 45.376270 237.424000
42.552300 233.662400 47.780160 237.257500
44.907840 233.595600 50.148210 237.091900
47.226940 233.520600 52.484140 236.911900
49.522840 233.434600 54.788410 236.728300
51.803140 233.370200 57.085930 236.564000
54.049950 233.306500 59.342900 236.399000
56.280590 233.226500 61.576420 236.220700
58.445580 233.147900 63.760400 236.051000
60.619970 233.086700 65.945370 235.901700
62.750480 233.037500 68.087410 235.771500
64.846290 232.998000 70.191530 235.649600
66.907940 232.934300 72.265010 235.502000
68.927460 232.866900 74.295250 235.366600
70.887740 232.814900 76.269990 235.239200
72.825750 232.758300 78.204030 235.096200
74.737930 232.699000 80.120930 234.972500
76.618370 232.622200 82.017700 234.827100
78.487810 232.513200 83.891590 234.657600
80.415420 232.376500 85.842250 234.450000
82.423060 232.187700 87.860050 234.182600
84.524370 231.969700 89.977030 233.876500
86.709120 231.699600 92.157150 233.511800
89.024130 231.380400 94.474200 233.099700
91.467840 231.021200 96.910230 232.635200
94.024580 230.649200 99.460550 232.157000
96.704300 230.258000 102.140000 231.650300
99.500260 229.890100 104.938200 231.168300
102.390800 229.569300 107.834500 230.719900
105.358500 229.285100 110.808700 230.299200
108.344900 229.013100 113.806400 229.891900
111.363200 228.734900 116.832400 229.478200
114.373200 228.477600 119.827000 229.085200
117.360000 228.229400 122.825200 228.702000
120.339400 228.001300 125.803200 228.338500
123.309400 227.796900 128.767100 227.989600
126.241200 227.623100 131.714600 227.671500
129.151600 227.477500 134.634000 227.381300
132.012600 227.318900 137.493100 227.072400
134.854400 227.154700 140.343900 226.766200
137.658300 226.984100 143.159900 226.461900
140.441600 226.780700 145.956300 226.123500
143.209300 226.535400 148.729300 225.741900
145.977400 226.238300 151.499500 225.306000
148.746000 225.862600 154.260000 224.787000
151.518600 225.402500 157.025700 224.183300
154.265800 224.858900 159.776000 223.492400
157.017900 224.208100 162.508500 222.696400
159.770300 223.494500 165.244900 221.832000
162.519400 222.782200 167.980600 220.983900
165.292700 222.111000 170.737600 220.171400
168.051700 221.507000 173.476400 219.423600
170.813300 220.973200 176.226000 218.740400
173.565300 220.491000 178.954700 218.110000
176.245800 220.043100 181.642600 217.516600
178.818800 219.633700 184.204100 216.949800
181.257200 219.251600 186.658600 216.410700
183.679400 218.884000 189.087500 215.888900
186.086900 218.497600 191.502200 215.342200
188.454700 218.100200 193.874300 214.786600
190.804000 217.716300 196.211100 214.251500
193.140800 217.373500 198.533000 213.767300
195.432100 217.054600 200.828600 213.311200
197.727600 216.759200 203.140600 212.877600
199.972100 216.485600 205.382000 212.469500
202.098700 216.237900 207.505600 212.080200
204.042400 215.996300 209.471700 211.712400
205.749800 215.775100 211.196400 211.385500
207.241200 215.583400 212.716600 211.109600
208.613300 215.379500 214.093700 210.851900
209.946100 215.165400 215.409900 210.576500
211.132200 214.943200 216.609700 210.296400
212.136600 214.744800 217.610000 210.059500
213.062500 214.534600 218.537400 209.818000
213.959300 214.314400 219.434100 209.568600
214.824000 214.088800 220.293300 209.319100
215.687900 213.834700 221.157400 209.024300
216.575000 213.526600 222.046400 208.679000
217.490900 213.157600 222.972000 208.268400
218.457300 212.700900 223.917100 207.753300
219.480700 212.125200 224.916000 207.112700
220.511700 211.370900 225.930300 206.288900
221.550800 210.459100 226.904100 205.324000
222.555600 209.363300 227.851500 204.164600
223.474400 208.082600 228.722900 202.816500
224.312800 206.641100 229.472700 201.309400
225.044800 205.038200 230.109200 199.657700
225.610700 203.260200 230.568800 197.824600
225.969900 201.350200 230.832000 195.872000
226.110100 199.367200 230.862600 193.869200
226.043000 197.305000 230.680200 191.818900
225.807700 195.159800 230.321700 189.679400
225.430000 192.956900 229.828400 187.495200
224.916600 190.707600 229.193900 185.273500
224.270500 188.432400 228.428600 183.045800
223.514900 186.121900 227.548100 180.768600
222.660400 183.771100 226.563700 178.463600
221.783100 181.391000 225.549800 176.122700
220.891900 178.998600 224.526400 173.757600
220.021400 176.587400 223.535000 171.394800
219.223500 174.200300 222.603100 169.027900
218.482200 171.834800 221.731400 166.684900
217.818500 169.568700 220.943100 164.432700
217.216600 167.458800 220.224200 162.339900
216.650700 165.491600 219.553000 160.393600
216.110800 163.682800 218.910100 158.601500
215.577800 162.017400 218.283100 156.950200
214.999400 160.430000 217.605000 155.381500
214.344800 158.975700 216.849000 153.942600
213.573800 157.662600 215.991300 152.652200
212.660500 156.532700 214.994400 151.557700
211.582500 155.560200 213.853200 150.637700
210.426600 154.805400 212.623200 149.943400
209.163000 154.246200 211.318500 149.446800
207.764200 153.857100 209.887700 149.155000
206.280800 153.652300 208.369300 149.019900
204.678000 153.573200 206.771900 149.018000
202.976300 153.576200 205.067900 149.111600
201.140400 153.649700 203.241900 149.282500
199.175800 153.795100 201.280700 149.544600
197.094000 154.001100 199.210700 149.862600
194.884400 154.205500 197.031400 150.189000
192.560300 154.427500 194.724000 150.529200
190.124200 154.677200 192.298000 150.909900
187.577500 154.946500 189.769000 151.324200
184.929000 155.250800 187.144500 151.786900
182.198300 155.594600 184.413800 152.293300
179.402300 155.944800 181.619800 152.815100
176.570000 156.287200 178.800300 153.318000
173.734500 156.623600 175.977300 153.819800
170.901000 156.954000 173.148900 154.319800
168.081500 157.295300 170.338000 154.827000
165.284900 157.640900 167.549900 155.333900
162.507400 157.987500 164.790600 155.836100
159.747400 158.333400 162.035500 156.333200
156.984600 158.680600 159.286400 156.832200
154.216200 159.032100 156.527800 157.341000
151.439500 159.399800 153.763900 157.867000
148.640500 159.792600 150.977300 158.427300
145.813800 160.206400 148.164100 159.009000
142.963600 160.610300 145.320800 159.589600
140.057000 160.997100 142.407300 160.159800
137.092200 161.347900 139.443400 160.689200
134.059200 161.649400 136.427900 161.178900
130.993600 161.935400 133.364900 161.655800
127.858900 162.233700 130.228300 162.150100
124.683800 162.520100 127.042000 162.633300
121.492100 162.798700 123.849400 163.110500
118.297400 163.082000 120.669300 163.586600
115.103400 163.377800 117.473700 164.076600
111.913100 163.672600 114.288800 164.568000
108.723500 163.966800 111.103600 165.058300
105.531500 164.253700 107.915700 165.546900
102.343500 164.537500 104.711300 166.031800
99.161640 164.825900 101.528200 166.518900
95.959550 165.164700 98.337390 167.053000
92.746890 165.547500 95.137360 167.635100
89.526460 165.956000 91.944430 168.243200
86.297890 166.381500 88.735960 168.872600
83.033610 166.817100 85.506170 169.515900
79.736970 167.238800 82.230660 170.150200
76.427180 167.629500 78.937250 170.753700
73.050320 167.986400 75.591380 171.329400
69.640860 168.315400 72.197770 171.878500
66.194370 168.637100 68.780940 172.424900
62.710330 168.931500 65.309820 172.943000
59.214430 169.199600 61.836270 173.429300
55.734640 169.446800 58.367440 173.902000
52.271980 169.681900 54.915590 174.358700
48.833520 169.903400 51.486000 174.798900
45.431860 170.116400 48.084900 175.227200
42.051610 170.315300 44.723630 175.634200
38.742450 170.482700 41.423870 176.012600
35.535340 170.629700 38.222180 176.359200
32.460880 170.758300 35.149920 176.681000
29.526980 170.862700 32.217530 176.979300
26.736320 170.955000 29.417200 177.247500
24.096640 171.032400 26.756470 177.486000
21.599520 171.132300 24.245990 177.735900
19.316590 171.344600 21.855500 178.039500
17.201760 171.658400 19.565680 178.434100
15.089840 171.971500 17.368670 178.908000
12.980420 172.284000 15.289190 179.412700
10.872410 172.596000 13.305800 179.921300
8.838192 172.907600 11.467200 180.363300
7.132350 173.177000 9.766675 180.742300
5.611287 173.387400 8.259526 181.056600
4.309371 173.544500 6.954867 181.309200
3.237420 173.651900 5.890208 181.504500
2.375838 173.729600 5.038720 181.642400
1.679549 173.799100 4.355988 181.764200
1.056923 173.859600 3.743602 181.865700
0.465217 173.909300 3.166007 181.953900
-0.128030 173.962400 2.579263 182.051200
-0.720230 174.003300 2.000004 182.133400
-1.330594 174.023800 1.395260 182.192100
-2.080426 174.055200 0.656942 182.267700
-2.997577 174.094600 -0.249036 182.368200
-4.098643 174.120700 -1.344262 182.465000
-5.416520 174.168000 -2.662317 182.599900
-6.936037 174.228300 -4.172698 182.766900
-8.609358 174.340400 -5.837792 182.988500
-10.463980 174.413000 -7.683980 183.193300
-12.494230 174.495000 -9.701042 183.429300
-14.662590 174.544200 -11.863560 183.613400
-17.028510 174.612700 -14.225000 183.852100
-19.515490 174.656900 -16.712630 184.059000
-22.153150 174.694500 -19.356440 184.285200
-24.891700 174.736800 -22.111740 184.525000
-27.728470 174.787700 -24.963930 184.769900
-30.668830 174.869400 -27.913160 185.051900
-33.671140 174.970100 -30.923700 185.347300
-36.734690 175.074800 -33.991250 185.643700
-39.843610 175.165700 -37.105340 185.918200
-43.001160 175.252500 -40.284750 186.204100
-46.184910 175.351700 -43.458920 186.489700
-49.374400 175.443100 -46.647500 186.772100
-52.557440 175.526000 -49.851720 187.050900
-55.757590 175.616000 -53.047120 187.341900
-58.925860 175.702900 -56.219920 187.627300
-62.130070 175.804700 -59.415830 187.925100
-65.328080 175.907300 -62.614510 188.214800
-68.537660 176.003100 -65.836610 188.508700
-71.749230 176.080900 -69.045570 188.777800
-74.976500 176.145900 -72.271080 189.039200
-78.208790 176.218000 -75.510930 189.305100
-81.447070 176.257900 -78.775010 189.557000
-84.692180 176.290600 -82.030090 189.794800
-87.936790 176.288700 -85.299780 190.012400
-91.211290 176.258400 -88.590640 190.204800
-94.484440 176.204800 -91.864840 190.375600
-97.757000 176.121600 -95.166820 190.521800
-101.045200 176.004400 -98.479740 190.644100
-104.339000 175.862100 -101.783900 190.748100
-107.640300 175.694600 -105.097100 190.827200
-110.948600 175.520500 -108.429300 190.897400
-114.267700 175.326000 -111.775100 190.940000
-117.598500 175.123100 -115.128100 190.984200
-120.942600 174.923200 -118.502300 191.022000
-124.293900 174.718800 -121.868100 191.045900
-127.663000 174.505900 -125.252000 191.065800
-131.048900 174.295300 -128.660400 191.087000
-134.443100 174.072500 -132.067900 191.102400
-137.847200 173.848200 -135.485400 191.109000
-141.262000 173.635000 -138.924700 191.133300
-144.675300 173.415500 -142.352500 191.154000
-148.093400 173.189000 -145.794400 191.176500
-151.506600 172.967300 -149.224000 191.211200
-154.901800 172.728300 -152.643500 191.228900
-158.292900 172.494700 -156.048900 191.257000
-161.632200 172.250400 -159.412000 191.264000
-164.974900 172.022600 -162.769700 191.305400
-168.236000 171.803200 -166.056300 191.339100
-171.502400 171.597000 -169.337100 191.387200
-174.668300 171.359900 -172.526700 191.389900
-177.746400 171.132500 -175.652100 191.394000
-180.803200 170.903300 -178.736800 191.403100
-183.778700 170.687800 -181.721200 191.411000
-186.701500 170.475800 -184.663700 191.427900
-189.566000 170.268000 -187.550200 191.439900
-192.391300 170.070600 -190.385700 191.458900
-195.149900 169.858100 -193.172800 191.446200
-197.876000 169.626400 -195.934900 191.414700
-200.552400 169.372500 -198.650700 191.349500
-203.199000 169.063700 -201.338200 191.232200
-205.787000 168.703000 -203.977800 191.047300
-208.326100 168.290400 -206.568100 190.814800
-210.824000 167.881700 -209.119900 190.594800
-213.258300 167.488200 -211.598000 190.398300
-215.584000 167.155500 -213.967800 190.249300
-217.825600 166.951000 -216.235100 190.211200
-219.976700 166.840100 -218.406600 190.268200
-222.030600 166.826400 -220.465200 190.410800
-223.989000 166.912900 -222.425500 190.643000
-225.824600 167.087900 -224.270200 190.955300
-227.550100 167.325800 -225.986300 191.324800
-229.178200 167.608800 -227.591600 191.733800
-230.692700 167.920100 -229.094100 192.150100
-232.121600 168.192100 -230.495000 192.531600
-233.453600 168.409000 -231.804500 192.843300
-234.669500 168.528300 -233.011300 193.048000
-235.786800 168.548000 -234.127000 193.140400
-236.809500 168.431800 -235.144300 193.091500
-237.749100 168.202200 -236.087800 192.920200
-238.622500 167.871000 -236.975300 192.663600
-239.423500 167.439100 -237.799600 192.302800
-240.167900 166.948100 -238.587400 191.874700
-240.836500 166.406300 -239.291000 191.403300
-241.484000 165.802100 -239.981600 190.874700
-242.133500 165.204600 -240.680000 190.335400
-242.760700 164.564800 -241.351500 189.757100
-243.373200 163.846400 -242.025000 189.096300
-243.956600 163.041100 -242.669500 188.358500
-244.490700 162.132200 -243.282200 187.491900
-244.987900 161.116800 -243.858300 186.520100
-245.418700 159.925400 -244.365100 185.373700
-245.815100 158.551700 -244.867400 184.059000
-246.200000 156.991700 -245.387200 182.516900
-246.613900 155.230000 -245.934500 180.788500
-246.967700 153.214300 -246.445600 178.802600
-247.267000 150.943600 -246.926400 176.557300
-247.521500 148.451900 -247.377400 174.073400
-247.763400 145.749400 -247.838900 171.378100
-248.018000 142.841100 -248.316400 168.477400
-248.277200 139.720500 -248.814100 165.354300
-248.523100 136.389500 -249.325100 162.025100
-248.773200 132.870500 -249.859800 158.537100
-249.015800 129.335700 -250.377200 155.031900
-249.218400 125.814900 -250.854100 151.509800
-249.397800 122.286300 -251.323500 148.001700
-249.565200 118.755000 -251.782200 144.479600
-249.697400 115.238200 -252.196600 140.967700
-249.820200 111.741900 -252.608100 137.472800
-249.943300 108.268400 -253.006400 133.995500
-250.044800 104.815000 -253.393200 130.550000
-250.125300 101.386800 -253.759800 127.118000
-250.189300 97.986010 -254.108300 123.718500
-250.244000 94.598780 -254.446700 120.340100
-250.305600 91.259170 -254.792600 116.998900
-250.400100 87.936680 -255.173600 113.678300
-250.549700 84.645240 -255.597300 110.387100
-250.690200 81.356670 -256.012500 107.092200
-250.847000 78.103800 -256.440200 103.838800
-251.020300 74.824490 -256.902900 100.550600
-251.181200 71.549630 -257.336500 97.304780
-251.353200 68.299410 -257.795600 94.074080
-251.504400 65.068130 -258.226100 90.853240
-251.635100 61.852520 -258.631800 87.643470
-251.747700 58.661860 -259.008200 84.474820
-251.845300 55.489840 -259.373200 81.321940
-251.935900 52.343660 -259.728000 78.180570
-252.030900 49.220080 -260.081500 75.076830
-252.144000 46.116710 -260.454400 71.980020
-252.285100 43.039160 -260.851200 68.912680
-252.447800 39.988030 -261.273500 65.876010
-252.625400 36.956390 -261.699700 62.878370
-252.810700 33.954820 -262.136300 59.901240
-252.984400 30.978070 -262.559600 56.946430
-253.097600 28.028950 -262.916300 54.006490
-253.116300 25.101150 -263.172100 51.080720
-253.041100 22.203360 -263.336400 48.173940
-252.848100 19.324220 -263.385000 45.270090
-252.488000 16.480910 -263.258200 42.390550
-251.943700 13.650460 -262.946600 39.515200
-251.206200 10.846250 -262.450100 36.660210
-250.269300 8.064427 -261.741100 33.795470
-249.119400 5.314832 -260.827200 30.939790
-247.746000 2.616861 -259.694800 28.133590
-246.166100 -0.017969 -258.355200 25.361470
-244.406300 -2.619939 -256.828800 22.607390
-242.507000 -5.201607 -255.161500 19.851120
-240.543700 -7.805212 -253.425100 17.062400
-238.527600 -10.441420 -251.640400 14.232850
-236.482900 -13.102670 -249.838300 11.381310
-234.463000 -15.778320 -248.055300 8.516250
-232.508700 -18.481870 -246.338500 5.621120
-230.631700 -21.211600 -244.705600 2.705986
-228.850200 -23.973140 -243.156800 -0.232486
-227.120500 -26.731510 -241.657500 -3.161433
-225.420200 -29.466820 -240.186400 -6.057587
-223.756600 -32.175260 -238.766900 -8.926194
-222.113500 -34.852880 -237.350500 -11.749150
-220.503000 -37.487790 -235.965000 -14.523060
-218.945600 -40.020000 -234.631200 -17.193540
-217.473700 -42.350380 -233.361600 -19.660080
-216.081800 -44.449900 -232.159100 -21.889470
-214.778200 -46.310220 -231.006900 -23.861460
-213.569900 -47.963370 -229.942000 -25.592380
-212.469800 -49.406600 -228.956100 -27.150390
-211.402700 -50.703570 -227.999800 -28.545250
-210.350300 -51.866650 -227.044900 -29.803680
-209.329000 -52.882180 -226.089500 -30.914500
-208.342100 -53.712810 -225.170600 -31.831150
-207.433900 -54.314810 -224.317500 -32.506850
-206.639200 -54.750770 -223.560900 -33.014560
-205.846700 -55.112410 -222.799300 -33.437590
-205.046500 -55.376850 -222.007300 -33.758060
-204.238300 -55.572130 -221.207600 -34.017270
-203.340400 -55.720010 -220.351900 -34.240860
-202.343700 -55.812630 -219.359200 -34.413200
-201.230000 -55.831900 -218.221500 -34.518020
-199.966900 -55.727910 -216.949700 -34.511750
-198.511800 -55.515700 -215.508200 -34.430120
-196.896300 -55.177990 -213.853200 -34.236580
-195.101200 -54.675310 -212.006700 -33.893210
-193.144500 -53.980020 -209.990400 -33.366910
-191.089500 -53.059560 -207.874300 -32.639580
-188.959500 -51.870660 -205.636000 -31.644070
-186.748300 -50.457590 -203.312100 -30.439380
-184.446800 -48.882240 -200.884700 -29.080120
-181.997000 -47.211720 -198.323700 -27.655090
-179.497700 -45.532110 -195.651700 -26.184220
-176.845100 -43.764640 -192.838100 -24.660320
-174.079200 -41.951340 -189.918100 -23.093640
-171.182700 -40.094050 -186.859900 -21.496770
-168.181500 -38.252180 -183.694800 -19.928490
-165.080700 -36.437440 -180.430000 -18.399590
-161.936900 -34.664440 -177.124500 -16.918990
-158.730900 -32.961050 -173.764800 -15.507660
-155.498500 -31.326070 -170.375200 -14.167170
-152.284900 -29.754520 -167.017400 -12.897180
-149.069300 -28.182760 -163.644200 -11.629610
-145.857700 -26.612150 -160.289400 -10.368820
-142.641000 -25.057000 -156.933100 -9.125843
-139.402500 -23.486330 -153.550200 -7.875355
-136.173000 -21.934650 -150.180600 -6.636826
-132.945300 -20.377060 -146.803600 -5.392660
-129.754900 -18.849320 -143.466300 -4.171997
-126.594800 -17.311780 -140.165300 -2.934009
-123.481600 -15.777190 -136.923600 -1.695169
-120.382000 -14.275260 -133.684600 -0.488274
-117.290900 -12.878730 -130.461800 0.609650
-114.140500 -11.587510 -127.190900 1.592583
-110.985900 -10.399830 -123.917800 2.471007
-107.823700 -9.243398 -120.648300 3.327887
-104.639900 -8.124757 -117.367300 4.141948
-101.445300 -7.020636 -114.075500 4.935267
-98.266820 -5.927679 -110.800700 5.719555
-95.057020 -4.924307 -107.496600 6.403463
-91.816180 -3.988153 -104.169000 7.013503
-88.560330 -3.139167 -100.834800 7.532742
-85.275670 -2.357662 -97.471060 7.978848
-81.984180 -1.642797 -94.106590 8.358003
-78.695610 -0.956720 -90.747000 8.699583
-75.422800 -0.300680 -87.386370 9.015955
-72.166360 0.319994 -84.058990 9.295896
-68.928530 0.923302 -80.751960 9.554356
-65.700550 1.500442 -77.465250 9.798535
-62.489590 2.047975 -74.200650 10.014220
-59.295260 2.577472 -70.956960 10.212920
-56.128970 3.091711 -67.732630 10.397560
-52.988540 3.575444 -64.543530 10.553750
-49.868360 4.040344 -61.368580 10.687320
-46.776300 4.464286 -58.234950 10.777010
-43.712180 4.856902 -55.142780 10.834840
-40.666360 5.223322 -52.064880 10.876300
-37.689290 5.564962 -49.053150 10.895830
-34.786240 5.888495 -46.127100 10.902350
-31.996720 6.190015 -43.305140 10.914050
-29.296910 6.465571 -40.589950 10.909490
-26.720990 6.720779 -37.985290 10.891540
-24.320240 6.954131 -35.567370 10.876850
-22.089310 7.159574 -33.319870 10.853210
-20.016680 7.362635 -31.233540 10.841640
-18.106820 7.551445 -29.308410 10.831730
-16.337750 7.702083 -27.527560 10.795850
-14.726050 7.819683 -25.899890 10.749090
-13.313500 7.930153 -24.477590 10.717980
-12.128270 8.022018 -23.282080 10.684930
-11.139240 8.100664 -22.278890 10.649420
-10.287410 8.195045 -21.425530 10.668330
-9.518219 8.309922 -20.649900 10.703960
-8.789252 8.478175 -19.911830 10.800280
-8.149181 8.669320 -19.247640 10.916590
-7.829442 8.769976 -18.922800 10.970040
-7.799252 8.787461 -18.888320 10.980370
-7.813018 8.786625 -18.904070 10.978240
-7.809395 8.788143 -18.891080 10.986760
-7.809451 8.779000 -18.890560 10.992160
-7.809131 8.771007 -18.890420 10.994390
-7.804822 8.762953 -18.888300 10.991370
-7.800766 8.755551 -18.886020 10.996550
-7.795082 8.750163 -18.884550 11.000610
-7.789514 8.745234 -18.883130 11.006390
-7.784930 8.740517 -18.882010 11.009290
-7.780166 8.734843 -18.881660 11.014020
-7.775784 8.730871 -18.881980 11.018420
-7.771600 8.726560 -18.880910 11.018110
-7.768634 8.723581 -18.882110 11.020920
-7.766879 8.721761 -18.883110 11.019150
-7.765762 8.717584 -18.885360 11.021870
-7.763983 8.714586 -18.887110 11.020520
-7.763294 8.713489 -18.889430 11.015050
-7.762963 8.712553 -18.893040 11.012780
-7.763086 8.713488 -18.893980 11.005290
-7.762455 8.714167 -18.892780 11.002840
-7.753295 8.722145 -18.889860 10.997480
-7.717107 8.742340 -18.854830 11.001360
-7.658875 8.770779 -18.798770 11.011310
-7.513039 8.836058 -18.656910 11.043570
-7.175297 8.982757 -18.316040 11.149770
-6.640897 9.236569 -17.773690 11.319300
-5.930743 9.644152 -17.026570 11.631420
-5.120740 10.257790 -16.158770 12.152120
-4.260731 11.080700 -15.238650 12.879470
-3.414512 12.135620 -14.303340 13.827560
-2.599066 13.467900 -13.362750 15.049780
-1.884998 15.083310 -12.507260 16.536080
-1.260100 16.974890 -11.683310 18.332940
-0.766019 19.117060 -10.967850 20.396850
-0.469374 21.489410 -10.426210 22.704810
-0.353107 24.066230 -10.028640 25.253140
-0.356192 26.850340 -9.730902 28.010660
-0.405744 29.836580 -9.457126 30.978410
-0.459357 33.017600 -9.158288 34.165290
-0.512628 36.392400 -8.849883 37.526720
-0.584304 39.835620 -8.543872 40.986020
-0.669138 43.283040 -8.251610 44.457900
-0.775721 46.706780 -7.981745 47.885490
-0.884520 50.132480 -7.726736 51.320300
-0.993630 53.521590 -7.476043 54.716250
-1.089707 56.883700 -7.215859 58.077440
-1.185006 60.248880 -6.948345 61.448870
-1.270319 63.565850 -6.689958 64.780610
-1.374798 66.868940 -6.439688 68.074890
-1.472152 70.155470 -6.186488 71.373540
-1.562229 73.416080 -5.923057 74.635550
-1.660434 76.636610 -5.676413 77.848440
-1.775229 79.852040 -5.440027 81.067900
-1.895797 83.032260 -5.212801 84.243100
-2.017852 86.185380 -4.982654 87.404130
-2.146481 89.329260 -4.764514 90.536320
-2.263400 92.442530 -4.532365 93.651810
-2.372203 95.538220 -4.292700 96.753070
-2.465941 98.605540 -4.043464 99.822370
-2.540211 101.651500 -3.781509 102.852400
-2.582148 104.696700 -3.480071 105.894000
-2.595436 107.674300 -3.172221 108.853000
-2.621977 110.691900 -2.857206 111.841800
-2.648827 113.786700 -2.537576 114.917600
-2.681214 116.967200 -2.213378 118.083000
-2.721440 120.204500 -1.899347 121.306000
-2.774777 123.506700 -1.578683 124.608800
-2.842109 126.902400 -1.268082 127.997200
-2.924595 130.351000 -0.973621 131.447300
-3.024507 133.819600 -0.686935 134.918000
-3.138966 137.262500 -0.419647 138.346900
-3.265946 140.693500 -0.166074 141.766000
-3.389718 144.095500 0.090533 145.162000
-3.526115 147.467500 0.336892 148.533300
-3.671472 150.775300 0.562948 151.843100
-3.794318 154.003900 0.797519 155.075500
-3.904131 157.172200 1.037795 158.244600
-3.996788 160.276500 1.285992 161.344400
-4.071651 163.334000 1.555197 164.396000
-4.122556 166.368900 1.833471 167.423100
-4.194278 169.380900 2.092847 170.446500
-4.264263 172.440400 2.366242 173.515200
-4.319751 175.547300 2.659770 176.628000
-4.393173 178.705600 2.941742 179.795800
-4.501446 181.892900 3.183630 182.988200
-4.607667 185.156000 3.450412 186.258800
-4.701222 188.477800 3.721631 189.592300
-4.806531 191.849500 3.991693 192.967800
-4.887285 195.207400 4.276411 196.326900
-4.976513 198.565600 4.556571 199.702800
-5.057617 201.890800 4.846576 203.025200
-5.132018 205.179500 5.126171 206.309500
-5.210165 208.394000 5.404603 209.528300
-5.281372 211.451500 5.693353 212.578100
-5.354878 214.365600 5.964638 215.496300
-5.416052 217.205700 6.224997 218.323500
-5.469074 220.014000 6.499539 221.129300
-5.505322 222.798100 6.789738 223.917600
-5.545023 225.571400 7.085275 226.701100
-5.563610 228.337300 7.404199 229.463000
-5.598680 231.130300 7.685386 232.237800
-5.715519 233.992700 7.892696 235.079800
-5.886862 236.912900 8.058221 237.987400
-6.076718 239.911700 8.214835 241.009600
-6.214931 243.011500 8.428728 244.120000
-6.364206 246.210000 8.644180 247.334500
-6.521044 249.542600 8.878757 250.682400
-6.657659 252.972000 9.132211 254.115500
-6.794881 256.491900 9.384680 257.637600
-6.924264 260.026600 9.642751 261.166300
-7.052122 263.522600 9.898303 264.658900
-7.164917 266.998200 10.157820 268.134600
-7.284815 270.457200 10.418380 271.585600
-7.417194 273.852800 10.658270 274.993000
-7.523524 277.174400 10.917800 278.328900
-7.651625 280.358300 11.145980 281.522700
-7.782923 283.414900 11.344990 284.610200
-7.918403 286.315200 11.528680 287.541400
-8.055697 289.119300 11.697790 290.364400
-8.185460 291.911300 11.868370 293.169300
-8.314789 294.668400 12.031360 295.941500
-8.425515 297.433700 12.225270 298.721800
-8.486769 300.239900 12.464700 301.522000
-8.528132 303.087600 12.731250 304.362400
-8.538802 306.012500 13.025470 307.275900
-8.512542 309.030900 13.383780 310.280100
-8.446156 312.111900 13.772220 313.349700
-8.351900 315.297900 14.200770 316.507000
-8.211642 318.520500 14.677670 319.712000
-8.031870 321.816300 15.224290 322.990600
-7.798255 325.179400 15.822590 326.324200
-7.513710 328.583000 16.462800 329.683400
-7.227060 332.070400 17.121110 333.127200
-6.930360 335.644600 17.815210 336.629300
-6.634241 339.252200 18.509670 340.172000
-6.353320 342.849100 19.190100 343.697100
-6.099343 346.409700 19.846130 347.196600
-5.858059 349.945000 20.483960 350.673000
-5.647279 353.444000 21.099870 354.118800
-5.439992 356.885000 21.691960 357.510100
-5.251048 360.315600 22.263640 360.897400
-5.098453 363.671600 22.791370 364.224800
-4.951017 366.989800 23.312870 367.517800
-4.804541 370.256900 23.815010 370.752100
