0.000000 0.000000 0.000000 0.000000
-0.041803 3.575628 -0.013942 3.601925
-0.083626 7.152769 -0.009476 7.195067
-0.125431 10.728320 0.001921 10.801140
-0.167141 14.303480 -0.008314 14.388970
-0.208176 17.881040 -0.022894 17.988090
-0.253156 21.464680 -0.042968 21.581170
-0.307115 25.046840 -0.078916 25.174860
-0.367798 28.637120 -0.116297 28.773630
-0.435716 32.231930 -0.162709 32.380280
-0.509819 35.812560 -0.215858 35.982870
-0.590462 39.405490 -0.276238 39.587640
-0.675668 42.995920 -0.336358 43.192970
-0.761728 46.596120 -0.392403 46.808680
-0.822002 50.203480 -0.419884 50.429880
-0.875378 53.811250 -0.439305 54.063270
-0.933231 57.427770 -0.467117 57.684410
-1.006715 61.042090 -0.514595 61.322570
-1.078473 64.647550 -0.546459 64.952770
-1.157680 68.241070 -0.587866 68.562350
-1.243226 71.816000 -0.631249 72.159940
-1.310252 75.365540 -0.665977 75.735140
-1.337950 78.894600 -0.662526 79.282740
-1.335651 82.399130 -0.624404 82.806480
-1.292993 85.876960 -0.544382 86.301120
-1.216671 89.333360 -0.429594 89.786980
-1.101750 92.791290 -0.282874 93.261770
-0.953966 96.255380 -0.102834 96.733660
-0.782045 99.739680 0.096606 100.232400
-0.607718 103.278800 0.298695 103.790000
-0.448327 106.867200 0.478998 107.386600
-0.329075 110.491600 0.621881 111.026000
-0.253779 114.142500 0.716565 114.696400
-0.232571 117.811600 0.748513 118.381100
-0.256232 121.501300 0.747374 122.085400
-0.297015 125.224100 0.740430 125.814300
-0.353204 128.969900 0.719084 129.575900
-0.397623 132.733500 0.713322 133.366000
-0.443887 136.522600 0.720262 137.179500
-0.490815 140.330600 0.715232 141.009500
-0.550146 144.153000 0.690682 144.856100
-0.601569 147.961100 0.685216 148.671300
-0.649286 151.756200 0.680561 152.484400
-0.703475 155.553300 0.669024 156.294300
-0.758140 159.342200 0.657093 160.106700
-0.821014 163.126200 0.635369 163.896600
-0.891591 166.914300 0.597014 167.690400
-0.968255 170.704700 0.554845 171.508100
-1.053647 174.498300 0.496290 175.320800
-1.140940 178.289100 0.434293 179.125900
-1.220912 182.072200 0.389970 182.934500
-1.311919 185.843100 0.329093 186.723200
-1.400872 189.585600 0.272302 190.488600
-1.482347 193.303500 0.210035 194.221900
-1.543340 196.981600 0.177680 197.924400
-1.593225 200.619200 0.151088 201.581700
-1.629855 204.203300 0.130088 205.194600
-1.655974 207.709400 0.118173 208.717500
-1.680916 211.093700 0.115103 212.108800
-1.717659 214.345300 0.101541 215.382500
-1.758097 217.485400 0.084937 218.550400
-1.820190 220.495000 0.039259 221.578000
-1.900504 223.322800 -0.029719 224.421800
-1.999321 225.946200 -0.119820 227.064000
-2.113952 228.382000 -0.228877 229.509600
-2.215172 230.657700 -0.316171 231.798200
-2.309140 232.838300 -0.404114 234.002600
-2.389577 234.991500 -0.472378 236.176700
-2.458270 237.111600 -0.532860 238.316000
-2.501543 239.199900 -0.555842 240.421900
-2.528203 241.263900 -0.573331 242.504600
-2.543393 243.355900 -0.573509 244.605200
-2.546619 245.471500 -0.560497 246.739800
-2.542056 247.635900 -0.537451 248.910800
-2.540944 249.857300 -0.518362 251.145200
-2.529475 252.145000 -0.469448 253.447900
-2.522827 254.510700 -0.429271 255.817300
-2.495854 256.929600 -0.377535 258.246300
-2.426274 259.429500 -0.274831 260.771500
-2.347909 261.939800 -0.172575 263.299700
-2.249292 264.463100 -0.048377 265.837700
-2.120601 266.988600 0.098197 268.368800
-1.972336 269.529300 0.270192 270.915100
-1.829452 272.089100 0.433020 273.478400
-1.700845 274.651100 0.587221 276.053600
-1.585579 277.203700 0.724636 278.627100
-1.489305 279.735400 0.845418 281.168100
-1.431895 282.203100 0.922915 283.642400
-1.411252 284.555300 0.963209 286.001200
-1.423417 286.744000 0.976901 288.199200
-1.477649 288.751100 0.943236 290.233600
-1.597157 290.628100 0.837029 292.116300
-1.834488 292.379000 0.605594 293.878000
-2.209538 293.998100 0.242080 295.495600
-2.739392 295.466700 -0.285562 296.960600
-3.425572 296.782800 -0.964389 298.270600
-4.268559 297.943900 -1.805813 299.428700
-5.270323 298.869400 -2.791412 300.385500
-6.404391 299.609200 -3.903493 301.116000
-7.620091 300.061900 -5.101220 301.559600
-8.849753 300.287300 -6.346962 301.786400
-10.136050 300.271200 -7.622299 301.755900
-11.487940 299.994100 -8.959951 301.477200
-12.859800 299.433800 -10.319280 300.919100
-14.212510 298.521900 -11.641710 300.076900
-15.569170 297.360100 -13.011170 298.907800
-16.903920 295.876600 -14.369890 297.418200
-18.123430 294.046700 -15.602950 295.589500
-19.213810 291.862500 -16.715780 293.428000
-20.129220 289.390500 -17.657450 290.934900
-20.811550 286.620800 -18.360930 288.146100
-21.226910 283.593100 -18.800220 285.099000
-21.383580 280.311200 -18.977860 281.813200
-21.289760 276.829500 -18.905890 278.299300
-21.001900 273.207500 -18.639820 274.655500
-20.665910 269.427900 -18.329550 270.855100
-20.345860 265.509700 -18.036550 266.905700
-20.070850 261.517300 -17.792640 262.881800
-19.855300 257.511300 -17.604810 258.834700
-19.703440 253.474600 -17.486810 254.760300
-19.613680 249.416200 -17.431550 250.678600
-19.551340 245.338200 -17.404760 246.580900
-19.513830 241.222400 -17.399980 242.448000
-19.480990 237.073200 -17.400200 238.299100
-19.430400 232.892800 -17.386620 234.109100
-19.355550 228.687700 -17.348070 229.896900
-19.288210 224.454100 -17.316280 225.644100
-19.214900 220.186300 -17.259900 221.363400
-19.140510 215.891500 -17.229470 217.057300
-19.053200 211.570300 -17.187050 212.705800
-18.960210 207.218600 -17.133090 208.325600
-18.864760 202.831800 -17.085470 203.910900
-18.780810 198.440400 -17.047160 199.487100
-18.697180 194.055600 -17.009760 195.078100
-18.628490 189.691500 -16.975830 190.692700
-18.576860 185.352500 -16.961670 186.335400
-18.533400 181.031600 -16.957960 181.970200
-18.510720 176.750700 -16.982900 177.647600
-18.518290 172.537500 -17.040610 173.406500
-18.551690 168.447100 -17.116570 169.283900
-18.605030 164.539000 -17.208470 165.342100
-18.662110 160.837100 -17.298590 161.604400
-18.717150 157.359800 -17.377850 158.094500
-18.762310 154.117300 -17.439590 154.822100
-18.804370 151.111100 -17.479750 151.794600
-18.837660 148.339300 -17.525070 148.985300
-18.862790 145.753800 -17.542600 146.383700
-18.886270 143.302400 -17.571680 143.911500
-18.908720 140.992900 -17.591560 141.580900
-18.926770 138.765400 -17.614240 139.334400
-18.954640 136.621400 -17.642870 137.178000
-18.979110 134.516900 -17.668680 135.054300
-19.003890 132.428600 -17.701580 132.945100
-19.011690 130.377400 -17.712110 130.884900
-19.029680 128.286700 -17.737130 128.776800
-19.040930 126.090400 -17.745550 126.569500
-19.033980 123.792800 -17.733400 124.258800
-19.007880 121.337200 -17.719410 121.790600
-18.962360 118.740400 -17.683450 119.190300
-18.881640 115.984300 -17.623610 116.424700
-18.762610 113.072100 -17.519880 113.502200
-18.592730 110.010400 -17.360790 110.430600
-18.389740 106.796500 -17.169400 107.210100
-18.187250 103.411100 -16.985440 103.813200
-17.972000 99.881710 -16.790700 100.284600
-17.753740 96.208550 -16.590780 96.604010
-17.543660 92.393230 -16.398480 92.767370
-17.350650 88.454130 -16.216740 88.813220
-17.188340 84.351710 -16.079080 84.703090
-17.048280 80.126460 -15.952570 80.470300
-16.938900 75.757520 -15.858230 76.088170
-16.844870 71.334520 -15.777470 71.628000
-16.779170 66.924620 -15.723740 67.201490
-16.723740 62.522540 -15.685030 62.779760
-16.677280 58.118530 -15.652360 58.356400
-16.622860 53.735190 -15.623950 53.938100
-16.554460 49.366830 -15.572290 49.533990
-16.478250 45.013820 -15.519670 45.161840
-16.401830 40.697890 -15.457480 40.816270
-16.332450 36.396840 -15.406030 36.492380
-16.264000 32.124710 -15.350410 32.194080
-16.212760 27.867600 -15.314740 27.908200
-16.153630 23.646100 -15.271510 23.664570
-16.100440 19.472550 -15.234940 19.467010
-16.057300 15.332990 -15.200090 15.291160
-15.999870 11.221520 -15.148910 11.155180
-15.957640 7.122797 -15.108800 7.019983
-15.925900 3.038918 -15.083670 2.918230
-15.871210 -1.063172 -15.040460 -1.207586
-15.823200 -5.192326 -15.001760 -5.353747
-15.773900 -9.357139 -14.964470 -9.527689
-15.722330 -13.547460 -14.921010 -13.736720
-15.675190 -17.764350 -14.880480 -17.964070
-15.629860 -22.003930 -14.835050 -22.224270
-15.590270 -26.267830 -14.813860 -26.505940
-15.536760 -30.547830 -14.770240 -30.818330
-15.493260 -34.819990 -14.733430 -35.115400
-15.444100 -39.082170 -14.698250 -39.392440
-15.392450 -43.322590 -14.659170 -43.650250
-15.337830 -47.537950 -14.609570 -47.888100
-15.276960 -51.748500 -14.547600 -52.123600
-15.217710 -55.949500 -14.494300 -56.340800
-15.170080 -60.150690 -14.451950 -60.560760
-15.128010 -64.350760 -14.416820 -64.782070
-15.091410 -68.538780 -14.392440 -68.988420
-15.064380 -72.708390 -14.375270 -73.166830
-15.030840 -76.856420 -14.358250 -77.327820
-14.979300 -80.953600 -14.317940 -81.447140
-14.924670 -85.034950 -14.278280 -85.544780
-14.873980 -89.070400 -14.240600 -89.599250
-14.824260 -93.076720 -14.206850 -93.616410
-14.787030 -97.045510 -14.185310 -97.599860
-14.758540 -100.983800 -14.177010 -101.543800
-14.739600 -104.892000 -14.178440 -105.461100
-14.728240 -108.762900 -14.183190 -109.352600
-14.724790 -112.605400 -14.197450 -113.217700
-14.717800 -116.411100 -14.205460 -117.032300
-14.709830 -120.173400 -14.211770 -120.801400
-14.700540 -123.867100 -14.218140 -124.499100
-14.698520 -127.485200 -14.232430 -128.117300
-14.712330 -131.008900 -14.263860 -131.655000
-14.733340 -134.417400 -14.301730 -135.078100
-14.752330 -137.654200 -14.335940 -138.324100
-14.773570 -140.676300 -14.370440 -141.363400
-14.808450 -143.452200 -14.422730 -144.153900
-14.818770 -145.963300 -14.451210 -146.688500
-14.688160 -148.224500 -14.331360 -148.957600
-14.364200 -150.225000 -14.015490 -150.972000
-13.833420 -151.950400 -13.489960 -152.698500
-13.082430 -153.424000 -12.742780 -154.168400
-12.093300 -154.666400 -11.753440 -155.391000
-10.901070 -155.630100 -10.569170 -156.330600
-9.567123 -156.277800 -9.240327 -156.964900
-8.174402 -156.635100 -7.862108 -157.313900
-6.734167 -156.651000 -6.462949 -157.342400
-5.261917 -156.393600 -5.003886 -157.096300
-3.838336 -155.807800 -3.557694 -156.506600
-2.480572 -154.890600 -2.206942 -155.605800
-1.268487 -153.640100 -1.009527 -154.367600
-0.226137 -152.060600 0.034981 -152.849200
0.552355 -150.216600 0.821491 -151.023000
1.048250 -148.112500 1.320510 -148.909500
1.348496 -145.760400 1.635270 -146.565500
1.463451 -143.197700 1.762345 -144.024200
1.471319 -140.450900 1.784672 -141.265900
1.499366 -137.518100 1.824031 -138.325600
1.504501 -134.421900 1.845169 -135.223100
1.498560 -131.160300 1.853498 -131.948500
1.470024 -127.744100 1.843940 -128.520800
1.436723 -124.185000 1.829200 -124.938000
1.413177 -120.491700 1.824140 -121.217500
1.405768 -116.657200 1.846176 -117.364000
1.385028 -112.695000 1.856271 -113.387100
1.330549 -108.592800 1.840099 -109.275500
1.259616 -104.367900 1.806645 -105.033100
1.170075 -100.007600 1.757106 -100.659400
1.089274 -95.515710 1.725921 -96.159110
1.009148 -90.982260 1.679417 -91.614120
0.939998 -86.466900 1.639486 -87.091180
0.883448 -81.949500 1.614633 -82.569200
0.838174 -77.439600 1.600181 -78.046350
0.800315 -72.936360 1.588458 -73.536640
0.745043 -68.462600 1.563653 -69.050080
0.694630 -64.005150 1.542976 -64.578440
0.637038 -59.575570 1.519645 -60.129090
0.557118 -55.160600 1.471229 -55.701840
0.456132 -50.778540 1.402551 -51.307460
0.362164 -46.417970 1.340408 -46.934800
0.280628 -42.079120 1.293230 -42.587790
0.202969 -37.762520 1.253471 -38.259110
0.132669 -33.463810 1.223915 -33.937790
0.084829 -29.193990 1.213834 -29.647030
0.052569 -24.947680 1.215666 -25.395100
0.032329 -20.738440 1.231328 -21.173120
0.025161 -16.550260 1.269272 -16.976840
0.021588 -12.403820 1.305726 -12.813580
-0.000537 -8.285137 1.321788 -8.674985
-0.031141 -4.183286 1.335082 -4.559795
-0.072897 -0.090700 1.330619 -0.459302
-0.117565 3.988036 1.319861 3.632966
-0.160177 8.059835 1.312314 7.717405
-0.208154 12.123170 1.308117 11.796750
-0.248220 16.180930 1.304450 15.866350
-0.283357 20.233300 1.311705 19.934190
-0.323376 24.273080 1.311055 23.994710
-0.367457 28.293060 1.309338 28.027840
-0.413998 32.282480 1.302475 32.033470
-0.451537 36.243360 1.305292 36.009140
-0.483912 40.173770 1.314300 39.963030
-0.534623 44.076020 1.309703 43.883560
-0.599992 47.961110 1.293451 47.783710
-0.674006 51.810410 1.273029 51.649740
-0.762477 55.629480 1.240459 55.479630
-0.859787 59.434080 1.198234 59.289670
-0.962179 63.207400 1.145413 63.082830
-1.068654 66.953700 1.091653 66.839710
-1.188155 70.668750 1.022574 70.573830
-1.293464 74.341090 0.968514 74.263950
-1.359396 77.886940 0.947403 77.825200
-1.402951 81.267680 0.954668 81.224650
-1.402636 84.557510 0.990250 84.538240
-1.391329 87.836530 1.044687 87.824720
-1.372397 91.075680 1.109634 91.074990
-1.348852 94.282140 1.186660 94.289410
-1.346362 97.452060 1.236189 97.470700
-1.397412 100.636400 1.226696 100.680000
-1.507808 103.868200 1.159529 103.923700
-1.686244 107.147500 1.014239 107.219500
-1.855701 110.482100 0.880375 110.584100
-1.949092 113.881100 0.824846 114.002100
-1.940135 117.341400 0.880291 117.480800
-1.833080 120.865900 1.047530 121.026400
-1.665951 124.465900 1.257275 124.639800
-1.454190 128.142800 1.522525 128.333000
-1.212752 131.910500 1.820574 132.104700
-0.998254 135.780800 2.090455 135.979000
-0.860070 139.749100 2.290411 139.958300
-0.808213 143.817500 2.392349 144.041500
-0.818199 147.962100 2.432228 148.204900
-0.863698 152.201700 2.439816 152.457900
-0.925229 156.508200 2.427931 156.790900
-1.007339 160.831700 2.397346 161.141600
-1.112662 165.144700 2.338338 165.469500
-1.225583 169.454500 2.272984 169.809700
-1.333194 173.746700 2.213824 174.116700
-1.427528 178.011200 2.162598 178.399900
-1.498241 182.250200 2.146862 182.662500
-1.559212 186.455600 2.128660 186.896300
-1.603074 190.634400 2.131760 191.088800
-1.633867 194.776400 2.155571 195.259200
-1.669867 198.889600 2.170643 199.389300
-1.705984 202.969800 2.170614 203.495900
-1.737778 207.012200 2.170409 207.565500
-1.768399 211.025100 2.177598 211.589300
-1.802728 214.966700 2.184649 215.561900
-1.842513 218.742600 2.173366 219.370000
-1.895168 222.285200 2.137349 222.932600
-1.971966 225.567200 2.078872 226.240800
-2.073778 228.574200 1.989918 229.259300
-2.174190 231.286800 1.904953 231.984400
-2.280068 233.718900 1.805280 234.431100
-2.372559 236.037200 1.717029 236.765500
-2.421540 238.338400 1.692477 239.088000
-2.457471 240.613800 1.686483 241.375800
-2.477940 242.858500 1.703256 243.634400
-2.487604 245.075200 1.725116 245.862300
-2.497272 247.315700 1.744513 248.104500
-2.506486 249.599100 1.763095 250.392800
-2.503453 251.921600 1.806693 252.731000
-2.498934 254.303700 1.844210 255.125300
-2.475778 256.706800 1.890714 257.543900
-2.418788 259.175900 1.984753 260.029200
-2.357178 261.687800 2.069540 262.559100
-2.278446 264.282700 2.168559 265.165900
-2.181048 266.960400 2.285757 267.859400
-2.072995 269.711700 2.413389 270.625700
-1.977183 272.515600 2.537196 273.434600
-1.903306 275.322000 2.634322 276.260600
-1.860171 278.121700 2.705363 279.073300
-1.834878 280.906700 2.768922 281.886900
-1.820378 283.662600 2.814634 284.648900
-1.821293 286.355900 2.848895 287.348200
-1.835812 288.890500 2.855548 289.878700
-1.843827 291.365700 2.861699 292.357100
-1.840209 293.812200 2.880540 294.811600
-1.823832 296.231700 2.915461 297.231800
-1.812035 298.624300 2.948688 299.626300
