0.000000 0.000000 0.000000 0.000000
-0.017534 0.283467 -0.034682 0.274937
-0.060000 0.627936 -0.087058 0.592173
-0.141534 1.081913 -0.172525 1.026969
-0.293459 1.604140 -0.337965 1.535172
-0.522492 2.173020 -0.577088 2.081249
-0.839493 2.758285 -0.900716 2.641588
-1.242764 3.333105 -1.298620 3.198733
-1.761568 3.880703 -1.824374 3.742576
-2.415527 4.382391 -2.480140 4.228014
-3.215512 4.824434 -3.264875 4.663494
-4.177130 5.153468 -4.215549 4.976783
-5.299329 5.360943 -5.318632 5.163908
-6.558994 5.427674 -6.550699 5.211491
-7.950411 5.389282 -7.946316 5.157960
-9.480377 5.263869 -9.484052 5.013257
-11.152740 5.088360 -11.168380 4.827898
-12.964270 4.901812 -12.986730 4.636485
-14.913410 4.697363 -14.947860 4.418378
-17.004780 4.494630 -17.073680 4.200087
-19.224270 4.290984 -19.305120 3.979239
-21.564480 4.100217 -21.647520 3.769700
-23.969500 3.908970 -24.062740 3.564212
-26.461360 3.716343 -26.572210 3.341821
-28.997620 3.492898 -29.120390 3.100641
-31.515860 3.271990 -31.651630 2.861312
-34.026260 3.051261 -34.183450 2.631416
-36.533450 2.843137 -36.702500 2.406243
-39.049180 2.638855 -39.234590 2.176605
-41.538400 2.436154 -41.723500 1.955171
-44.015190 2.223683 -44.222070 1.722344
-46.483350 2.028253 -46.684720 1.510644
-48.933140 1.820295 -49.142270 1.278231
-51.328710 1.575304 -51.553390 1.010589
-53.701960 1.337479 -53.959120 0.750884
-56.038080 1.110756 -56.314740 0.498245
-58.330390 0.883063 -58.632450 0.247073
-60.536580 0.662366 -60.843380 -0.003483
-62.620220 0.461718 -62.932230 -0.230851
-64.570470 0.320188 -64.908220 -0.392307
-66.375630 0.255567 -66.730730 -0.475725
-67.990520 0.345560 -68.356550 -0.402132
-69.403760 0.611089 -69.783790 -0.150845
-70.681710 1.080744 -71.082050 0.303262
-71.814190 1.753829 -72.239550 0.990438
-72.810710 2.601772 -73.254670 1.830612
-73.659320 3.554385 -74.109590 2.768188
-74.401710 4.718510 -74.854710 3.953456
-75.018160 6.110247 -75.500280 5.392589
-75.539300 7.706095 -76.031390 7.012838
-75.980690 9.486418 -76.481340 8.789821
-76.379030 11.414990 -76.906350 10.720520
-76.702710 13.494070 -77.268780 12.796720
-76.964630 15.687850 -77.560200 14.993450
-77.198810 17.993590 -77.824210 17.291450
-77.402440 20.301510 -78.055660 19.595050
-77.573400 22.614340 -78.255380 21.915380
-77.734200 24.898110 -78.456640 24.198240
-77.908780 27.180670 -78.650040 26.483660
-78.064690 29.440670 -78.808530 28.760960
-78.198100 31.701300 -78.962730 31.035440
-78.346240 34.000930 -79.126300 33.360240
-78.507180 36.347540 -79.302050 35.714560
-78.700400 38.735230 -79.519030 38.127240
-78.895930 41.194680 -79.732970 40.614850
-79.100340 43.724740 -79.961430 43.168470
-79.318630 46.299200 -80.191640 45.768260
-79.508610 48.902070 -80.395320 48.398950
-79.697420 51.529450 -80.598340 51.039130
-79.900390 54.113500 -80.810640 53.660950
-80.092730 56.670630 -81.012500 56.252400
-80.280860 59.213100 -81.203600 58.835650
-80.474010 61.695670 -81.413050 61.361480
-80.696040 64.136290 -81.658240 63.836340
-80.945180 66.559290 -81.934850 66.283950
-81.219160 68.948800 -82.219840 68.691270
-81.542260 71.291910 -82.551110 71.070790
-81.910890 73.584740 -82.926810 73.408590
-82.326990 75.851980 -83.339180 75.753810
-82.765640 78.069230 -83.793700 78.039470
-83.284090 80.280970 -84.324400 80.296100
-83.856430 82.430700 -84.936080 82.490160
-84.492780 84.584160 -85.615160 84.662630
-85.212300 86.715560 -86.375730 86.812590
-85.996320 88.820790 -87.189960 88.953040
-86.860390 90.918090 -88.070580 91.088110
-87.802500 93.003510 -89.029460 93.226640
-88.749010 95.068170 -89.997950 95.357030
-89.747960 97.163510 -91.026670 97.496110
-90.774930 99.219550 -92.084520 99.593010
-91.840000 101.277400 -93.175640 101.687600
-92.914780 103.296100 -94.267950 103.734200
-94.015070 105.267400 -95.384220 105.729900
-95.123350 107.187800 -96.496740 107.675800
-96.223200 109.067700 -97.595090 109.571700
-97.263380 110.813500 -98.650220 111.341900
-98.241750 112.423300 -99.635780 112.958000
-99.124850 113.865700 -100.536900 114.406700
-99.918840 115.113700 -101.343300 115.664000
-100.633200 116.204600 -102.042000 116.756900
-101.305600 117.126600 -102.694200 117.661800
-101.873900 117.899200 -103.256200 118.431300
-102.405300 118.508600 -103.775400 119.024100
-102.901800 118.981600 -104.258100 119.476100
-103.418300 119.366800 -104.748600 119.852100
-103.954800 119.734800 -105.258800 120.207000
-104.533600 120.029100 -105.839100 120.485000
-105.136200 120.256600 -106.429500 120.695800
-105.801600 120.452000 -107.085400 120.876900
-106.640800 120.599400 -107.906900 121.014300
-107.630100 120.643400 -108.874800 121.043500
-108.711300 120.530800 -109.928700 120.925400
-109.893600 120.252600 -111.088900 120.624200
-111.159800 119.776100 -112.345400 120.114900
-112.496700 119.062200 -113.683700 119.365100
-113.898700 118.106700 -115.069600 118.389000
-115.384500 116.988900 -116.560900 117.247000
-116.978000 115.737300 -118.146500 115.963100
-118.659900 114.366200 -119.820300 114.559700
-120.438900 112.893300 -121.606600 113.047900
-122.328200 111.322200 -123.499500 111.437100
-124.284900 109.650200 -125.496500 109.727400
-126.332000 107.913600 -127.568300 107.954700
-128.461900 106.101400 -129.722800 106.097700
-130.662300 104.214900 -131.942400 104.157000
-132.923400 102.303500 -134.233000 102.186500
-135.189200 100.390400 -136.528600 100.199000
-137.468500 98.469440 -138.816100 98.204230
-139.748000 96.546090 -141.066300 96.222300
-142.020800 94.620440 -143.303900 94.254680
-144.286200 92.690670 -145.536100 92.250250
-146.547500 90.774040 -147.778400 90.263600
-148.833300 88.871460 -150.022800 88.312840
-151.113400 86.978090 -152.262200 86.377040
-153.379000 85.085390 -154.494400 84.435690
-155.629200 83.206150 -156.718400 82.510740
-157.861400 81.326710 -158.919300 80.574630
-160.058500 79.464550 -161.094300 78.666560
-162.221300 77.608580 -163.252600 76.762170
-164.376700 75.774280 -165.394400 74.883020
-166.524800 73.967130 -167.516500 73.027800
-168.668400 72.191080 -169.635000 71.208320
-170.783100 70.468000 -171.698100 69.425580
-172.829900 68.807490 -173.703400 67.685710
-174.785600 67.216050 -175.620000 66.024580
-176.663800 65.684200 -177.457700 64.426700
-178.444800 64.197390 -179.230900 62.898880
-180.100300 62.765190 -180.893200 61.449900
-181.648600 61.419590 -182.440800 60.098700
-183.088500 60.110320 -183.886200 58.769970
-184.404500 58.801210 -185.197500 57.450370
-185.549500 57.458340 -186.331900 56.093300
-186.455000 56.066080 -187.241700 54.697840
-187.120600 54.647590 -187.892900 53.280900
-187.525600 53.213090 -188.281900 51.838630
-187.748500 51.772320 -188.472400 50.375660
-187.716500 50.330420 -188.407600 48.932960
-187.519800 48.954720 -188.182500 47.572440
-187.091900 47.667580 -187.743200 46.296690
-186.478200 46.430560 -187.135600 45.100710
-185.743700 45.217520 -186.364900 43.904680
-184.898100 44.044150 -185.473100 42.734900
-183.968900 42.858990 -184.507700 41.561060
-182.972800 41.628580 -183.475700 40.326410
-181.887200 40.344680 -182.358000 39.031710
-180.726700 38.951790 -181.162300 37.639370
-179.492700 37.459110 -179.872400 36.161550
-178.162100 35.849180 -178.504000 34.558930
-176.710600 34.142700 -177.023300 32.838190
-175.171800 32.296660 -175.445600 30.980640
-173.559000 30.363270 -173.792800 29.042910
-171.867000 28.346750 -172.078100 27.014860
-170.123400 26.259270 -170.311200 24.908730
-168.337100 24.097840 -168.478200 22.758860
-166.581500 21.908660 -166.665400 20.567480
-164.835100 19.714670 -164.856300 18.381850
-163.104500 17.573870 -163.058700 16.246650
-161.377300 15.429150 -161.282500 14.112920
-159.682200 13.303470 -159.533500 12.003410
-158.088000 11.153610 -157.874200 9.865114
-156.652500 8.940913 -156.366200 7.654386
-155.433700 6.640524 -155.061200 5.327738
-154.451100 4.275819 -154.012600 2.950212
-153.690900 1.836084 -153.174900 0.489160
-153.116700 -0.684920 -152.549100 -2.055903
-152.659200 -3.301845 -152.031700 -4.695905
-152.323800 -6.003442 -151.644400 -7.424140
-152.034900 -8.818435 -151.296700 -10.268370
-151.705400 -11.696490 -150.912400 -13.159620
-151.368100 -14.689410 -150.521200 -16.154730
-151.018300 -17.760610 -150.125400 -19.214020
-150.658400 -20.884570 -149.720300 -22.334140
-150.317300 -24.039630 -149.325500 -25.493660
-149.995500 -27.198720 -148.938600 -28.651630
-149.688200 -30.326210 -148.566500 -31.778940
-149.392500 -33.448800 -148.207800 -34.897810
-149.124700 -36.525700 -147.871000 -37.981840
-148.881400 -39.588890 -147.569700 -41.058130
-148.663600 -42.621440 -147.290600 -44.110080
-148.444100 -45.622170 -147.022400 -47.132920
-148.225800 -48.590750 -146.765200 -50.111260
-148.013500 -51.538440 -146.516300 -53.058800
-147.797700 -54.448530 -146.243700 -55.985140
-147.579700 -57.330200 -145.966500 -58.879380
-147.341500 -60.171640 -145.654900 -61.744960
-147.099100 -62.956470 -145.342300 -64.551870
-146.873600 -65.641890 -145.056300 -67.250980
-146.684200 -68.188960 -144.821000 -69.807790
-146.575000 -70.550950 -144.670500 -72.199370
-146.515200 -72.689370 -144.583300 -74.364880
-146.496000 -74.588600 -144.541200 -76.289610
-146.520100 -76.249210 -144.526800 -77.966990
-146.562400 -77.644470 -144.537700 -79.371150
-146.614700 -78.752900 -144.551700 -80.487470
-146.644400 -79.571930 -144.547400 -81.309000
-146.661300 -80.195760 -144.528700 -81.927820
-146.655800 -80.746170 -144.516900 -82.468780
-146.626400 -81.202170 -144.493200 -82.927520
-146.606400 -81.580050 -144.469400 -83.306030
-146.554400 -81.887990 -144.413800 -83.623840
-146.509800 -82.072680 -144.379200 -83.805740
-146.481300 -82.147900 -144.369600 -83.877900
-146.467500 -82.144490 -144.374700 -83.877700
-146.474300 -82.148460 -144.378700 -83.872320
-146.483700 -82.145920 -144.393200 -83.871520
-146.487400 -82.144780 -144.397900 -83.870040
-146.492900 -82.150980 -144.406600 -83.871310
-146.495200 -82.155360 -144.412500 -83.867460
-146.494300 -82.156570 -144.420300 -83.869020
-146.487800 -82.148430 -144.421900 -83.864430
-146.487300 -82.140910 -144.425000 -83.862570
-146.486500 -82.135050 -144.425300 -83.867430
-146.488100 -82.132520 -144.433900 -83.865740
-146.489000 -82.133460 -144.437600 -83.863710
-146.484700 -82.133480 -144.442400 -83.860690
-146.484900 -82.133510 -144.447100 -83.858530
-146.480100 -82.133670 -144.449600 -83.846730
-146.472100 -82.131890 -144.451900 -83.839120
-146.477500 -82.133220 -144.458000 -83.833200
-146.525000 -82.162010 -144.458800 -83.830100
-146.565900 -82.217300 -144.444800 -83.845650
-146.590600 -82.310130 -144.423500 -83.904390
-146.581800 -82.426170 -144.387200 -83.996660
-146.551800 -82.574220 -144.326800 -84.122670
-146.475900 -82.778480 -144.229000 -84.302340
-146.351300 -83.116710 -144.077100 -84.624850
-146.156300 -83.574440 -143.856500 -85.068480
-145.879500 -84.106160 -143.568700 -85.595800
-145.491300 -84.682600 -143.161700 -86.157790
-144.895700 -85.318510 -142.570600 -86.768360
-144.077500 -86.065360 -141.714200 -87.464650
-142.947400 -86.840620 -140.547100 -88.193560
-141.509200 -87.543350 -139.054100 -88.858420
-139.798500 -88.087580 -137.310200 -89.337380
-137.828100 -88.433330 -135.331400 -89.608710
-135.614800 -88.607530 -133.106600 -89.719560
-133.180100 -88.696560 -130.645100 -89.742510
-130.552000 -88.680490 -128.003800 -89.648250
-127.723900 -88.575690 -125.154800 -89.465910
-124.683500 -88.464330 -122.100200 -89.280070
-121.460200 -88.294280 -118.893900 -89.044750
-118.086600 -88.040550 -115.530800 -88.754310
-114.579400 -87.745070 -112.037500 -88.412040
-110.975100 -87.438680 -108.433000 -88.074260
-107.385700 -87.146760 -104.842100 -87.749260
-103.821100 -86.859660 -101.273600 -87.424410
-100.261700 -86.572000 -97.702130 -87.100870
-96.736140 -86.293870 -94.159560 -86.787740
-93.228880 -86.017520 -90.635110 -86.476870
-89.760830 -85.757500 -87.155830 -86.174700
-86.314280 -85.511300 -83.696260 -85.897750
-82.904810 -85.266650 -80.270840 -85.625450
-79.525840 -84.982830 -76.856250 -85.308980
-76.174850 -84.684980 -73.499640 -84.964480
-72.849640 -84.375480 -70.152770 -84.610670
-69.556400 -84.051650 -66.840000 -84.236850
-66.269780 -83.744240 -63.542200 -83.896530
-62.988460 -83.463860 -60.273200 -83.587950
-59.725320 -83.192290 -57.016200 -83.290320
-56.511930 -82.928720 -53.775070 -83.006970
-53.287950 -82.677770 -50.550600 -82.745850
-50.102380 -82.423820 -47.337410 -82.475220
-46.961330 -82.161740 -44.137770 -82.186830
-43.795000 -81.913070 -40.955370 -81.909850
-40.605850 -81.669580 -37.776950 -81.642650
-37.446990 -81.429200 -34.622720 -81.364090
-34.324130 -81.178460 -31.496650 -81.083820
-31.234230 -80.938930 -28.401190 -80.816050
-28.164850 -80.719500 -25.333100 -80.548140
-25.130870 -80.512870 -22.290010 -80.285690
-22.128140 -80.313820 -19.276870 -80.043280
-19.203440 -80.118030 -16.336430 -79.811740
-16.439970 -79.929640 -13.552340 -79.594980
-13.862420 -79.730950 -10.971560 -79.395140
-11.471000 -79.505250 -8.572431 -79.164240
-9.267307 -79.258710 -6.357746 -78.911010
-7.272311 -78.940490 -4.354137 -78.600860
-5.472914 -78.549550 -2.580236 -78.226720
-3.867830 -78.086270 -0.946106 -77.759140
-2.385605 -77.503960 0.549857 -77.193290
-1.027851 -76.800120 1.905372 -76.501890
0.166806 -75.911920 3.080658 -75.620100
1.182030 -74.883010 4.066389 -74.603300
1.977241 -73.709730 4.853377 -73.418120
2.625592 -72.432540 5.463432 -72.150460
3.046312 -71.053430 5.845858 -70.785000
3.332790 -69.610070 6.092939 -69.370950
3.505748 -68.096830 6.234106 -67.857100
3.623078 -66.505600 6.322236 -66.249690
3.673887 -64.790020 6.354217 -64.537540
3.664022 -62.925430 6.326761 -62.681880
3.591227 -60.915700 6.241633 -60.657310
3.485568 -58.760380 6.131850 -58.492810
3.375737 -56.493750 6.012975 -56.216870
3.243097 -54.203520 5.868400 -53.922310
3.069795 -51.907210 5.694233 -51.625910
2.871709 -49.612280 5.497251 -49.333930
2.690256 -47.318710 5.297815 -47.043570
2.514617 -45.039680 5.099375 -44.763680
2.336487 -42.787040 4.901160 -42.519980
2.176053 -40.574230 4.730020 -40.315230
2.023801 -38.441270 4.569182 -38.178510
1.895520 -36.414710 4.420938 -36.164310
1.766675 -34.458180 4.279003 -34.211910
1.645582 -32.544470 4.136995 -32.297620
1.524724 -30.674470 3.998014 -30.414860
1.412389 -28.840280 3.863360 -28.561900
1.305986 -27.028700 3.711365 -26.732630
1.191105 -25.239530 3.559516 -24.933170
1.067365 -23.476920 3.396722 -23.164090
0.934574 -21.765460 3.231039 -21.453410
0.802905 -20.140230 3.069872 -19.826380
0.699503 -18.615910 2.934818 -18.298370
0.601767 -17.196320 2.822132 -16.874090
0.507341 -15.885810 2.720803 -15.557790
0.417035 -14.726660 2.633445 -14.396310
0.351258 -13.760620 2.567762 -13.429110
0.299516 -12.930350 2.509732 -12.604070
0.263868 -12.153000 2.459704 -11.832630
0.238575 -11.391050 2.412225 -11.074030
0.198165 -10.644890 2.366616 -10.331190
0.151201 -9.907869 2.314172 -9.611148
0.091011 -9.183499 2.230550 -8.911201
0.016860 -8.476707 2.138047 -8.225631
-0.070862 -7.778389 2.044088 -7.554594
-0.158415 -7.094030 1.965835 -6.893430
-0.234301 -6.412690 1.897759 -6.238972
-0.307917 -5.742297 1.832698 -5.603042
-0.360353 -5.068979 1.779590 -4.960300
-0.401589 -4.328040 1.728945 -4.242727
-0.431289 -3.483170 1.691277 -3.422680
-0.464543 -2.555900 1.660450 -2.504047
-0.487938 -1.556277 1.634700 -1.517020
-0.499710 -0.485171 1.618743 -0.455149
-0.511556 0.679747 1.585999 0.707096
-0.388368 1.890361 1.626870 1.902157
-0.387786 3.050660 1.574580 3.036884
-0.473375 4.175334 1.442417 4.140215
-0.669462 5.262875 1.213470 5.206428
-0.929674 6.291946 0.923748 6.221145
-1.229340 7.289411 0.606810 7.226704
-1.438607 8.249384 0.391199 8.196509
-1.565470 8.946937 0.260720 8.903904
-1.615795 9.324632 0.227407 9.281682
-1.635852 9.404838 0.215219 9.367853
-1.640332 9.376167 0.218967 9.357070
-1.643540 9.371050 0.219564 9.374688
