0.000000 -0.000000 0.000000 0.000000
0.020455 2.389887 -0.026199 2.306570
0.038167 4.630767 -0.044691 4.465479
0.062475 6.584575 -0.048711 6.453584
0.078062 8.294502 -0.038396 8.202273
0.036300 9.647129 -0.008546 9.710228
0.037691 10.755690 0.009488 10.957030
0.070396 11.572020 0.054521 11.928010
0.096690 12.008000 0.096083 12.626150
0.124405 12.280970 0.104857 13.141480
0.106056 12.366960 0.128960 13.579950
0.125276 12.480720 0.152331 13.962360
0.156946 12.590120 0.181830 14.325120
0.151509 12.702880 0.189662 14.688120
0.146149 12.836600 0.180162 15.055560
0.118103 12.986600 0.168217 15.465170
0.046011 13.251830 0.087569 15.979610
-0.102743 13.662450 -0.076333 16.641450
-0.377391 14.237180 -0.336063 17.426930
-0.803739 14.918100 -0.769441 18.275550
-1.393517 15.599510 -1.365029 19.145680
-2.183640 16.257910 -2.183159 19.986930
-3.168635 16.891620 -3.191753 20.766490
-4.410526 17.491970 -4.434350 21.473860
-5.887262 17.957870 -5.895483 22.023260
-7.603442 18.241840 -7.581342 22.359050
-9.593783 18.333530 -9.431938 22.511480
-11.737930 18.262400 -11.503800 22.462110
-14.123570 18.137210 -13.763940 22.386690
-16.660080 18.043560 -16.198070 22.360400
-19.380350 17.941480 -18.800030 22.326610
-22.232040 17.791200 -21.592180 22.255500
-25.294530 17.612590 -24.581720 22.150390
-28.420350 17.436630 -27.648730 22.065230
-31.735350 17.259230 -30.749640 21.944360
-35.061830 17.012340 -33.930430 21.749510
-38.405680 16.701380 -37.150120 21.485820
-41.726310 16.376210 -40.397860 21.203400
-45.021050 16.012440 -43.663360 20.901410
-48.346970 15.612790 -46.977580 20.607600
-51.676860 15.192430 -50.325520 20.343800
-55.031060 14.742560 -53.706260 20.080530
-58.401830 14.329930 -57.106100 19.899420
-61.829840 14.034770 -60.552470 19.779420
-65.245090 13.824430 -64.009290 19.710940
-68.803470 13.628730 -67.511080 19.691140
-72.396330 13.444870 -71.036560 19.660210
-76.040760 13.365020 -74.581880 19.657120
-79.629870 13.286290 -78.143070 19.658450
-83.178040 13.172320 -81.686000 19.643120
-86.806450 13.116270 -85.233650 19.657750
-90.407370 13.030230 -88.752850 19.665490
-93.932750 12.938240 -92.264390 19.690020
-97.425940 12.830290 -95.772060 19.709260
-100.921800 12.721040 -99.252390 19.705990
-104.418700 12.646790 -102.739700 19.719870
-107.950700 12.574710 -106.248300 19.718830
-111.506500 12.491980 -109.808000 19.719650
-115.125400 12.427530 -113.400500 19.739920
-118.791400 12.356860 -117.089800 19.746580
-122.506900 12.277580 -120.826600 19.733090
-126.283000 12.162340 -124.622600 19.696510
-130.058300 12.056810 -128.423200 19.665680
-133.838200 11.940140 -132.224800 19.654370
-137.647000 11.763370 -136.005700 19.637510
-141.424200 11.624670 -139.772000 19.629440
-145.185900 11.523690 -143.528900 19.621230
-148.919300 11.449460 -147.262600 19.633420
-152.638200 11.381770 -150.984700 19.645440
-156.350400 11.310530 -154.695000 19.662320
-160.047400 11.214060 -158.400100 19.660070
-163.709400 11.107560 -162.091000 19.652370
-167.360400 10.983380 -165.754300 19.676530
-170.967600 10.933720 -169.418400 19.719060
-174.571400 10.876820 -173.080100 19.742360
-178.137200 10.833080 -176.681800 19.797480
-181.490500 10.796130 -180.073600 19.847390
-184.602400 10.773720 -183.198000 19.896450
-187.458300 10.758840 -186.087500 19.965040
-190.232700 10.733900 -188.874700 19.999370
-192.986900 10.663320 -191.656900 20.006890
-195.706100 10.585910 -194.404500 20.014080
-198.416300 10.495740 -197.139600 19.979490
-201.152700 10.412030 -199.887900 19.970270
-203.946700 10.341460 -202.695100 19.985100
-206.802300 10.298350 -205.551700 19.967590
-209.757100 10.317680 -208.482900 19.998130
-212.804800 10.361070 -211.492700 20.043740
-215.930200 10.396430 -214.566900 20.080030
-219.012900 10.360590 -217.701800 20.172790
-222.155100 10.298380 -220.914900 20.274850
-225.365500 10.246810 -224.194800 20.386770
-228.707300 10.215510 -227.543500 20.481210
-232.112300 10.220950 -230.975000 20.579550
-235.564300 10.214940 -234.452900 20.668070
-239.104300 10.217730 -238.012600 20.771050
-242.702700 10.183390 -241.637300 20.829620
-246.347300 10.130220 -245.323700 20.868140
-250.052800 10.036800 -249.068000 20.882790
-253.773800 9.880518 -252.854000 20.864250
-257.535100 9.718989 -256.647600 20.832240
-261.300500 9.591512 -260.434300 20.821400
-265.059000 9.459547 -264.217600 20.813090
-268.826900 9.337703 -267.982600 20.819870
-272.549600 9.176257 -271.713800 20.800100
-276.263700 8.976101 -275.424000 20.778100
-279.947200 8.832825 -279.124400 20.782760
-283.650400 8.715404 -282.827100 20.787500
-287.322900 8.610515 -286.507200 20.794800
-290.988400 8.505150 -290.182200 20.805410
-294.654700 8.394904 -293.870200 20.817940
-298.320400 8.294475 -297.556600 20.824450
-302.013000 8.169718 -301.269100 20.814240
-305.746200 8.074212 -304.964200 20.817480
-309.494500 7.982975 -308.699800 20.830220
-313.220200 7.863686 -312.430900 20.820670
-316.989500 7.782544 -316.188900 20.835670
-320.754000 7.679468 -319.957000 20.848250
-324.529500 7.563218 -323.742800 20.857150
-328.344000 7.456111 -327.543100 20.879340
-332.109700 7.347334 -331.352400 20.906330
-335.860100 7.242255 -335.122000 20.940390
-339.608800 7.147781 -338.880700 20.977250
-343.309300 7.053936 -342.593700 21.019350
-346.907500 6.957315 -346.219200 21.046520
-350.384600 6.860419 -349.712600 21.063370
-353.708400 6.768393 -353.059100 21.080070
-356.877800 6.663296 -356.261900 21.086970
-360.001200 6.552425 -359.400900 21.079120
-363.041000 6.435692 -362.460900 21.057300
-365.855800 6.345080 -365.322900 21.034870
-368.437600 6.307072 -367.970600 21.067820
-370.781400 6.383962 -370.354800 21.213520
-372.865900 6.648568 -372.473500 21.544150
-374.725000 7.109350 -374.347900 22.069960
-376.363200 7.741893 -376.026100 22.797430
-377.862400 8.633829 -377.523000 23.756220
-379.196300 9.712570 -378.844600 24.901590
-380.348700 10.965970 -379.991500 26.276230
-381.385700 12.448140 -380.989900 27.827830
-382.260100 14.122720 -381.818100 29.550960
-383.010800 15.994530 -382.519500 31.485720
-383.610300 18.057930 -383.064300 33.623710
-384.100300 20.314520 -383.495500 35.943300
-384.497100 22.748260 -383.836300 38.447830
-384.776600 25.364410 -384.047800 41.112690
-384.988900 28.128190 -384.184700 43.909790
-385.212700 31.086220 -384.282900 46.850740
-385.449300 34.192050 -384.361400 49.910960
-385.780600 37.315730 -384.430000 52.979420
-386.061000 40.426600 -384.471800 56.049980
-386.229000 43.492690 -384.482700 59.131160
-386.309000 46.518630 -384.480700 62.164230
-386.383200 49.505740 -384.468200 65.177180
-386.435500 52.415800 -384.440000 68.111400
-386.493200 55.225360 -384.413000 70.918630
-386.554400 57.943820 -384.367800 73.637610
-386.610300 60.578530 -384.283700 76.273000
-386.585600 63.079020 -384.159200 78.777090
-386.370900 65.433820 -383.923500 81.159700
-385.914800 67.648300 -383.515700 83.415290
-385.249200 69.694860 -382.938400 85.481060
-384.335100 71.573620 -382.174700 87.409020
-383.335600 73.255020 -381.256200 89.145410
-382.295300 74.818880 -380.175800 90.679180
-381.091700 76.191700 -378.873900 91.979800
-379.774700 77.364460 -377.409800 93.068510
-378.271000 78.251970 -375.792700 93.941620
-376.573900 78.987050 -374.042100 94.632360
-374.728100 79.537850 -372.161000 95.135540
-372.739900 79.941840 -370.169100 95.503880
-370.607000 80.199980 -368.031500 95.721450
-368.370300 80.415580 -365.788100 95.882210
-366.032000 80.571350 -363.427500 95.973910
-363.598400 80.673300 -360.968500 96.008990
-361.071700 80.716320 -358.400600 95.978790
-358.469900 80.705850 -355.773400 95.883190
-355.832800 80.638300 -353.097500 95.735570
-353.161000 80.553900 -350.390400 95.563150
-350.450100 80.465550 -347.663400 95.404030
-347.763100 80.398460 -344.929900 95.269110
-345.086900 80.370740 -342.203400 95.162750
-342.417400 80.402970 -339.489700 95.119190
-339.774100 80.483360 -336.788700 95.129660
-337.139800 80.575110 -334.101400 95.160970
-334.528900 80.693480 -331.433000 95.195060
-331.932700 80.824510 -328.768500 95.235030
-329.325200 80.918500 -326.124300 95.240350
-326.739100 80.990700 -323.478100 95.213330
-324.144100 81.038770 -320.827200 95.174620
-321.562300 81.091140 -318.181100 95.134780
-319.011600 81.190070 -315.548200 95.126880
-316.450900 81.308090 -312.910300 95.157200
-313.909200 81.444650 -310.295400 95.208390
-311.391900 81.580060 -307.709600 95.256210
-308.876400 81.706970 -305.119200 95.295380
-306.378900 81.849250 -302.547900 95.335720
-303.888700 81.994400 -299.991600 95.398060
-301.376300 82.158190 -297.419900 95.471850
-298.832900 82.325730 -294.800400 95.576190
-296.237900 82.504140 -292.131000 95.689240
-293.590400 82.683410 -289.436300 95.810040
-290.876600 82.853340 -286.689200 95.911570
-288.120000 82.987710 -283.873600 95.981880
-285.314700 83.062010 -281.005200 95.984300
-282.460400 83.089330 -278.104700 95.934220
-279.611400 83.105040 -275.215300 95.873800
-276.801100 83.107970 -272.374300 95.796910
-274.051500 83.099890 -269.583300 95.710600
-271.353100 83.054870 -266.851400 95.589510
-268.676800 82.970950 -264.143100 95.433920
-266.029200 82.903900 -261.470600 95.286280
-263.418800 82.873250 -258.810400 95.170110
-260.804200 82.903330 -256.150000 95.114280
-258.168800 82.990410 -253.469200 95.125820
-255.510500 83.145560 -250.785500 95.205130
-252.844700 83.373830 -248.087600 95.366690
-250.152200 83.637690 -245.349600 95.554310
-247.440300 83.910960 -242.583000 95.753600
-244.714300 84.178610 -239.826100 95.943620
-242.002000 84.383000 -237.086100 96.067810
-239.314700 84.514710 -234.368000 96.126760
-236.657500 84.567850 -231.678800 96.090810
-234.029000 84.526210 -229.018200 95.963850
-231.443300 84.405890 -226.412300 95.754690
-228.920700 84.255810 -223.855400 95.523280
-226.536800 84.105460 -221.434500 95.306050
-224.322600 83.973260 -219.217700 95.119260
-222.317800 83.852920 -217.200400 94.943810
-220.525500 83.748690 -215.403300 94.805650
-218.913500 83.654780 -213.808100 94.689830
-217.491400 83.614870 -212.377100 94.621620
-216.200400 83.663530 -211.062900 94.662970
-214.975300 83.890580 -209.806900 94.870510
-213.812900 84.303130 -208.611000 95.235770
-212.768400 84.851980 -207.535700 95.743930
-211.819400 85.505150 -206.564600 96.360360
-210.944500 86.249430 -205.680300 97.100380
-210.114900 87.190980 -204.827200 98.007390
-209.375900 88.379450 -204.054700 99.155040
-208.685500 89.786110 -203.318800 100.551200
-208.120100 91.447000 -202.711300 102.192500
-207.636800 93.318040 -202.180100 104.047200
-207.343700 95.377570 -201.836000 106.099200
-207.198500 97.677330 -201.623700 108.390500
-207.176800 100.117600 -201.530500 110.854900
-207.235900 102.732400 -201.529500 113.491000
-207.357900 105.495500 -201.555900 116.290300
-207.446900 108.321400 -201.548600 119.157100
-207.501200 111.206800 -201.498600 122.081400
-207.496800 114.153500 -201.374600 125.065500
-207.467000 117.040300 -201.235400 127.984900
-207.357100 119.818100 -201.100100 130.896600
-207.231600 122.580500 -200.942100 133.772700
-207.169600 125.360700 -200.801900 136.630200
-207.151600 128.086900 -200.699400 139.420500
-207.158900 130.676600 -200.626500 142.057900
-207.192200 133.099300 -200.584500 144.514100
-207.257200 135.311800 -200.589200 146.764000
-207.357800 137.293400 -200.635400 148.777700
-207.516000 139.039300 -200.745900 150.545100
-207.792700 140.624300 -200.965500 152.163000
-208.199400 142.155800 -201.329500 153.712300
-208.796100 143.591400 -201.875900 155.168100
-209.578000 144.906500 -202.613400 156.510100
-210.509400 146.123000 -203.491600 157.755500
-211.640600 147.221600 -204.568400 158.925700
-212.986500 148.243400 -205.869900 159.990600
-214.560800 149.101800 -207.408900 160.887300
-216.375500 149.752000 -209.216800 161.584300
-218.364200 150.183000 -211.185400 162.062700
-220.495700 150.431900 -213.305700 162.368900
-222.758400 150.560900 -215.581300 162.588200
-225.125500 150.643600 -217.962700 162.756500
-227.596900 150.727300 -220.459000 162.941600
-230.175200 150.835400 -223.054700 163.153900
-232.870900 150.954400 -225.762400 163.381800
-235.686400 151.084500 -228.593700 163.615400
-238.634600 151.219200 -231.527700 163.848700
-241.714000 151.324200 -234.596000 164.070400
-244.893500 151.370200 -237.770400 164.228100
-248.152800 151.340800 -241.041300 164.315500
-251.386800 151.245500 -244.285800 164.326400
-254.628800 151.083900 -247.542200 164.274200
-257.855100 150.860900 -250.776100 164.167100
-260.989500 150.595900 -253.938700 164.024600
-263.979600 150.335600 -256.955600 163.887100
-266.766600 150.087700 -259.778900 163.755000
-269.368500 149.866200 -262.430800 163.629700
-271.910000 149.696000 -265.010900 163.552000
-274.432000 149.547300 -267.560100 163.488400
-276.917800 149.419800 -270.085300 163.461200
-279.393400 149.337600 -272.609100 163.480300
-281.842600 149.284100 -275.098400 163.540100
-284.327000 149.245300 -277.611600 163.597000
-286.851400 149.215900 -280.158900 163.673600
-289.374600 149.175400 -282.718700 163.742600
-291.872700 149.113700 -285.271200 163.792800
-294.367000 149.035300 -287.810900 163.815400
-296.900400 148.946800 -290.388600 163.830100
-299.496800 148.857900 -293.023400 163.851500
-302.152700 148.763000 -295.709700 163.876300
-304.894400 148.662700 -298.487200 163.899500
-307.698800 148.565200 -301.325000 163.914900
-310.542800 148.472300 -304.206900 163.933600
-313.401900 148.388500 -307.082500 163.957500
-316.253600 148.309200 -309.968300 163.997500
-319.087100 148.246300 -312.829400 164.037900
-321.874200 148.159600 -315.652900 164.093000
-324.643500 148.080700 -318.460600 164.155500
-327.380000 148.017900 -321.229600 164.232400
-330.084600 147.943700 -323.952800 164.300700
-332.768800 147.879400 -326.612100 164.357100
-335.339000 147.849200 -329.193100 164.421900
-337.917500 147.821400 -331.766600 164.480500
-340.461700 147.771400 -334.317500 164.528100
-342.975500 147.703700 -336.845800 164.564900
-345.507800 147.596800 -339.381000 164.564000
-348.088400 147.502000 -341.971200 164.554200
-350.695500 147.387300 -344.591300 164.528200
-353.357500 147.254200 -347.251700 164.503400
-356.035100 147.123000 -349.920700 164.475100
-358.706400 146.987600 -352.605400 164.448800
-361.365400 146.869000 -355.264400 164.450800
-363.998800 146.747300 -357.905700 164.414100
-366.592400 146.651500 -360.511500 164.395400
-369.103200 146.586000 -363.023600 164.421700
-371.498800 146.552500 -365.423300 164.482000
-373.734100 146.569400 -367.665000 164.588000
-375.766000 146.687900 -369.705200 164.801100
-377.587800 146.923500 -371.531000 165.103700
-379.228200 147.254000 -373.159800 165.493900
-380.680100 147.681500 -374.579800 165.967800
-381.983900 148.240600 -375.878400 166.631700
-383.189300 148.967100 -377.035500 167.395200
-384.260600 149.832600 -378.073900 168.304900
-385.261700 150.822900 -379.036400 169.343900
-386.189600 152.026900 -379.942600 170.644400
-387.088300 153.508400 -380.766300 172.170900
-387.803500 155.255200 -381.379300 173.937600
-388.328200 157.227600 -381.806000 175.942300
-388.690100 159.390500 -382.074200 178.140700
-388.914300 161.727400 -382.190100 180.501700
-389.033800 164.223600 -382.187500 183.022000
-389.107700 166.899500 -382.129100 185.708600
-389.177200 169.703100 -382.054600 188.524700
-389.249200 172.602600 -381.970100 191.438700
-389.294800 175.566200 -381.888200 194.417500
-389.340400 178.518800 -381.810800 197.391400
-389.408400 181.466200 -381.755500 200.363300
-389.477100 184.395100 -381.673900 203.301300
-389.534000 187.303900 -381.581500 206.232200
-389.596100 190.151400 -381.514800 209.105700
-389.650400 192.868100 -381.438300 211.839900
-389.688600 195.381200 -381.357200 214.386100
-389.706500 197.729300 -381.258000 216.757600
-389.637200 199.881000 -381.081200 218.921600
-389.406500 201.894300 -380.752900 220.974600
-388.964400 203.824800 -380.204400 222.904100
-388.237500 205.641900 -379.371900 224.702900
-387.225600 207.247400 -378.285100 226.343400
-385.985200 208.725400 -376.981500 227.790800
-384.487500 210.025200 -375.431800 229.039200
-382.766900 211.133700 -373.651600 230.075700
-380.848000 212.024300 -371.700800 230.888300
-378.741200 212.710800 -369.567300 231.521600
-376.473400 213.257300 -367.270500 231.966000
-374.038800 213.683400 -364.811400 232.290600
-371.458500 214.025200 -362.199700 232.524200
-368.731200 214.304000 -359.433600 232.711800
-365.907000 214.548400 -356.574400 232.858400
-362.986400 214.774600 -353.627800 232.987100
-360.000500 214.982500 -350.631900 233.076200
-356.946700 215.144300 -347.570600 233.117500
-353.844800 215.269100 -344.441400 233.106400
-350.728200 215.343800 -341.315100 233.057200
-347.621800 215.396600 -338.197600 232.998000
-344.503600 215.436100 -335.075400 232.916000
-341.404500 215.431500 -331.980500 232.796700
-338.307200 215.374700 -328.880700 232.604900
-335.222900 215.258300 -325.808800 232.341800
-332.176900 215.090700 -322.755800 232.022700
-329.113900 214.919400 -319.687100 231.707200
-326.083300 214.755000 -316.637900 231.382800
-323.035500 214.645100 -313.566000 231.135700
-319.997700 214.594500 -310.501600 230.945500
-316.949800 214.613400 -307.411400 230.821600
-313.894600 214.701700 -304.332000 230.757500
-310.834000 214.851800 -301.258400 230.758900
-307.768800 215.021500 -298.169500 230.788200
-304.682000 215.209600 -295.061000 230.821600
-301.619300 215.403400 -291.971000 230.860000
-298.564100 215.602100 -288.891300 230.915600
-295.523500 215.774500 -285.836100 230.935900
-292.524500 215.925700 -282.823800 230.958000
-289.569200 216.080100 -279.875700 230.980300
-286.686000 216.208000 -276.978100 230.979300
-283.844300 216.320800 -274.111900 230.965900
-281.075400 216.414900 -271.312100 230.924600
-278.384800 216.482400 -268.579700 230.872500
-275.749900 216.524700 -265.916500 230.805900
-273.211000 216.563500 -263.352600 230.720200
-270.786900 216.596800 -260.891700 230.632600
-268.452200 216.627400 -258.514600 230.552100
-266.210100 216.670200 -256.232800 230.470800
-264.057900 216.715000 -254.042700 230.397900
-261.977600 216.758700 -251.933600 230.342700
-260.009300 216.805500 -249.924700 230.287500
-258.118000 216.846900 -248.029500 230.238000
-256.324100 216.892100 -246.219300 230.184400
-254.591600 216.937100 -244.479600 230.135100
-252.914000 216.968800 -242.777600 230.087600
-251.261500 217.002300 -241.110300 230.048700
-249.623300 217.030600 -239.472200 230.000200
-248.000000 217.075100 -237.828200 229.957300
-246.394700 217.123600 -236.213100 229.921300
-244.798500 217.177700 -234.612200 229.890700
-243.238500 217.242300 -233.034000 229.877100
-241.697700 217.301200 -231.479200 229.861700
-240.159500 217.379600 -229.928200 229.873200
-238.623700 217.447500 -228.377700 229.859900
-237.098100 217.517700 -226.832500 229.851100
-235.568700 217.578300 -225.276400 229.829100
-234.013600 217.632400 -223.693000 229.794300
-232.429300 217.675500 -222.098500 229.745200
-230.825000 217.709000 -220.472200 229.697200
-229.213500 217.727400 -218.843200 229.638200
-227.620200 217.743200 -217.248500 229.575400
-226.038600 217.749200 -215.664100 229.506900
-224.474500 217.720600 -214.097800 229.397500
-222.943700 217.646400 -212.575200 229.245300
-221.517500 217.497700 -211.160200 229.020800
-220.196400 217.264300 -209.848800 228.711100
-219.015400 216.979300 -208.679700 228.339000
-218.000600 216.671300 -207.691200 227.963400
-217.074300 216.316400 -206.779100 227.550400
-216.224900 215.882000 -205.935900 227.050700
-215.453800 215.357600 -205.166900 226.499300
-214.757400 214.782900 -204.494900 225.881500
-214.077200 214.065600 -203.856600 225.111600
-213.459700 213.182900 -203.295900 224.162000
-212.907500 212.086400 -202.810500 223.046200
-212.452200 210.870600 -202.434500 221.795000
-212.114300 209.456600 -202.191000 220.348400
-211.858500 207.837000 -202.028300 218.705500
-211.742000 206.028400 -202.022200 216.872700
-211.736300 204.033600 -202.138300 214.864100
-211.766900 201.873300 -202.289700 212.708900
-211.796200 199.533500 -202.457400 210.379000
-211.786800 197.027400 -202.594200 207.871000
-211.759900 194.373900 -202.722600 205.209400
-211.697900 191.633600 -202.835100 202.458500
-211.626700 188.816000 -202.948800 199.600700
-211.537000 185.992200 -203.040600 196.735400
-211.444400 183.173400 -203.124200 193.890700
-211.362800 180.374100 -203.211100 191.045200
-211.264700 177.600300 -203.288500 188.225500
-211.172000 174.834700 -203.369900 185.421300
-211.067900 172.132300 -203.440300 182.687100
-210.942500 169.548500 -203.475600 180.066400
-210.807500 167.115600 -203.474500 177.591700
-210.677900 164.891300 -203.452600 175.316300
-210.523800 162.831600 -203.428700 173.222600
-210.369300 160.883900 -203.384000 171.244800
-210.243400 159.140700 -203.348900 169.462000
-210.180400 157.654800 -203.357700 167.941200
-210.119700 156.263000 -203.353300 166.517300
-210.059800 154.892900 -203.353500 165.134700
-209.978700 153.571000 -203.330600 163.804300
-209.891700 152.272500 -203.303100 162.494200
-209.766700 150.900300 -203.239300 161.101500
-209.618400 149.453900 -203.166600 159.627100
-209.402000 147.911800 -203.041300 158.061500
-209.174500 146.248000 -202.903300 156.374200
-208.939400 144.453000 -202.783300 154.553900
-208.714900 142.497200 -202.676500 152.571600
-208.503800 140.403200 -202.584300 150.453200
-208.393000 138.150900 -202.604700 148.168400
-208.389600 135.751000 -202.744300 145.741800
-208.458300 133.190500 -202.969200 143.146200
-208.554900 130.503800 -203.224700 140.432900
-208.679600 127.708900 -203.508800 137.606000
-208.807700 124.788300 -203.790400 134.684700
-208.927800 121.786000 -204.064900 131.658900
-208.986400 118.770600 -204.334400 128.644600
-209.010800 115.753900 -204.567500 125.632300
-208.944000 112.761900 -204.702900 122.635100
-208.836500 109.809100 -204.781900 119.654300
-208.710600 106.913800 -204.824700 116.722200
-208.612900 104.164800 -204.866100 113.939800
-208.524100 101.612900 -204.919600 111.365200
-208.411800 99.291950 -204.944000 109.022200
-208.304000 97.231400 -204.962800 106.941200
-208.239900 95.441440 -205.001800 105.132100
-208.186600 93.928990 -205.017100 103.589100
-208.169400 92.620100 -205.057400 102.258800
-208.111400 91.359060 -205.060500 100.985500
-208.103700 90.108060 -205.106100 99.727280
-208.057300 88.899050 -205.113700 98.512380
-207.989700 87.686220 -205.116800 97.295600
-207.887500 86.424840 -205.082200 96.025880
-207.749700 85.106480 -205.021300 94.686900
-207.573400 83.679430 -204.927000 93.240960
-207.363800 82.128210 -204.813900 91.675340
-207.117800 80.466750 -204.663700 89.993990
-206.886600 78.657990 -204.520700 88.153940
-206.653200 76.721140 -204.383500 86.181140
-206.474300 74.687190 -204.302900 84.116080
-206.388100 72.537240 -204.319900 81.939460
-206.432200 70.298230 -204.476100 79.665460
-206.610100 68.000610 -204.769300 77.336680
-206.892700 65.622610 -205.181200 74.924930
-207.176400 63.145090 -205.582200 72.441190
-207.411300 60.582530 -205.943600 69.857930
-207.566400 57.936780 -206.226100 67.196070
-207.647700 55.184560 -206.452200 64.421580
-207.661500 52.385390 -206.623900 61.599220
-207.621300 49.546410 -206.767400 58.757980
-207.570900 46.730400 -206.877400 55.931230
-207.528900 43.951520 -207.001200 53.145650
-207.484900 41.207900 -207.122900 50.373860
-207.419300 38.483860 -207.227000 47.625170
-207.398300 35.859080 -207.363400 44.976400
-207.389600 33.323530 -207.501000 42.399080
-207.383600 30.928860 -207.639100 39.976860
-207.365700 28.737950 -207.753600 37.768440
-207.338200 26.780150 -207.831300 35.803630
-207.272200 25.076160 -207.901600 34.074510
-207.184900 23.637860 -207.917800 32.618850
-207.080700 22.407050 -207.893200 31.379290
-206.954300 21.322570 -207.847100 30.304310
-206.781600 20.334400 -207.751700 29.308690
-206.551700 19.436710 -207.620600 28.416700
-206.294700 18.614920 -207.448000 27.587660
-205.959400 17.852300 -207.182900 26.811110
-205.601700 17.147840 -206.870600 26.087490
-205.183200 16.499570 -206.493500 25.435290
-204.640200 15.834340 -205.997700 24.752030
-203.962000 15.126390 -205.365500 24.012980
-203.105900 14.402300 -204.572400 23.264340
-202.093300 13.723770 -203.581000 22.535710
-200.890700 13.072850 -202.396700 21.817190
-199.454900 12.451120 -201.000100 21.130120
-197.803000 11.847900 -199.382900 20.426410
-195.985800 11.251230 -197.588100 19.726700
-194.078300 10.799800 -195.691400 19.183320
-192.241500 10.550030 -193.850200 18.835820
-190.511600 10.492510 -192.073000 18.652480
-188.774500 10.514750 -190.278100 18.543940
-187.053000 10.530790 -188.486300 18.470110
-185.316100 10.589790 -186.699700 18.448020
-183.477200 10.672540 -184.811200 18.441710
-181.518300 10.768400 -182.808300 18.448290
-179.433500 10.895520 -180.683000 18.485610
-177.234800 11.053010 -178.442400 18.552260
-174.912900 11.228010 -176.075000 18.625950
-172.453800 11.406500 -173.560100 18.690460
-169.877600 11.633180 -170.929000 18.777160
-167.172600 11.903480 -168.191900 18.894850
-164.356100 12.241910 -165.339200 19.085180
-161.414200 12.605270 -162.347100 19.299780
-158.375100 12.957560 -159.266000 19.495190
-155.289000 13.266400 -156.151900 19.639790
-152.153500 13.477190 -153.009900 19.684950
-148.978900 13.534370 -149.824500 19.597040
-145.756200 13.449460 -146.631000 19.381440
-142.513300 13.323960 -143.399800 19.101060
-139.219200 13.264090 -140.118500 18.830100
-135.871600 13.235180 -136.787700 18.582930
-132.469300 13.237950 -133.384600 18.380050
-128.998700 13.250220 -129.905500 18.187440
-125.452300 13.247970 -126.373000 17.999640
-121.821900 13.224230 -122.757900 17.817390
-118.142800 13.197060 -119.096500 17.611180
-114.366200 13.195450 -115.391200 17.395120
-110.549500 13.202980 -111.636600 17.183370
-106.721100 13.234960 -107.851500 16.998940
-102.856200 13.237720 -104.023600 16.804120
-99.051970 13.344340 -100.192000 16.628040
-95.237560 13.444760 -96.359660 16.466770
-91.419640 13.530140 -92.532470 16.293440
-87.619070 13.674300 -88.731860 16.166270
-83.825400 13.812150 -84.917700 16.035950
-80.045030 13.941190 -81.158320 15.940170
-76.262920 14.064210 -77.383300 15.828780
-72.527230 14.169690 -73.656140 15.703160
-68.760100 14.314940 -69.960120 15.609750
-65.041990 14.448290 -66.293490 15.510020
-61.409550 14.597510 -62.667080 15.415450
-57.812780 14.752930 -59.047370 15.315300
-54.272080 14.916680 -55.503040 15.242980
-50.863180 15.111690 -51.973870 15.188400
-47.456920 15.288970 -48.502590 15.109950
-44.095940 15.453870 -45.105230 15.051010
-40.863370 15.611510 -41.804030 14.994050
-37.779270 15.768930 -38.671450 14.944070
-34.878460 16.001620 -35.717690 14.913280
-32.108550 16.224310 -32.904850 14.870070
-29.417700 16.336670 -30.227130 14.811650
-26.864830 16.377370 -27.701890 14.718710
-24.569330 16.453910 -25.351400 14.618570
-22.495940 16.503070 -23.226140 14.482260
-20.581990 16.519710 -21.286710 14.339680
-18.846180 16.508190 -19.545220 14.213470
-17.328990 16.482300 -17.987180 14.107840
-16.037550 16.475470 -16.615170 14.017420
-14.956120 16.515220 -15.438530 13.984540
-14.017770 16.603920 -14.422210 14.010630
-13.125570 16.745940 -13.503320 14.093890
-12.277220 17.018620 -12.628580 14.319700
-11.518690 17.387820 -11.821960 14.629900
-10.793900 17.853110 -11.032900 15.037500
-10.023690 18.451760 -10.223900 15.582400
-9.266871 19.249950 -9.408880 16.325560
-8.499983 20.230260 -8.618836 17.291690
-7.714471 21.448790 -7.811980 18.492330
-6.943853 22.899830 -6.965762 19.966560
-6.209422 24.630930 -6.179585 21.704710
-5.580618 26.636760 -5.480979 23.730460
-5.100718 28.938480 -4.868235 26.038860
-4.832290 31.540330 -4.401536 28.608400
-4.752808 34.327710 -4.145799 31.423780
-4.799016 37.335070 -3.988142 34.451990
-4.911943 40.499490 -3.900813 37.642240
-5.090383 43.700800 -3.826975 40.864410
-5.276585 46.904120 -3.751425 44.081130
-5.464336 50.126700 -3.668771 47.302270
-5.701735 53.348430 -3.572541 50.507310
-5.926283 56.566760 -3.455388 53.714780
-6.149722 59.747560 -3.326873 56.868110
-6.326192 62.853260 -3.195043 59.957040
-6.450595 65.815280 -3.060810 62.917650
-6.558018 68.633220 -2.932200 65.738570
-6.625230 71.279560 -2.805457 68.419750
-6.655510 73.749780 -2.675026 70.900800
-6.684464 75.995110 -2.555480 73.139160
-6.652349 77.987890 -2.429564 75.139610
-6.508811 79.715010 -2.205729 76.862480
-6.213677 81.157890 -1.838630 78.321670
-5.729615 82.390460 -1.318700 79.509410
-5.161236 83.435200 -0.700461 80.500700
-4.542652 84.252870 0.001497 81.312150
-3.866113 84.884560 0.696747 81.906790
-3.262439 85.311720 1.319791 82.284560
-2.779876 85.608160 1.798435 82.561000
-2.292931 85.855430 2.282167 82.785610
-1.737887 86.025210 2.791468 82.953220
-1.127115 86.147390 3.327762 83.055200
-0.518659 86.251250 3.853998 83.125720
0.098283 86.354450 4.398992 83.195450
0.701588 86.427350 4.960886 83.222580
1.306431 86.494190 5.536991 83.242690
1.881704 86.544440 6.100249 83.251110
2.482048 86.571200 6.675804 83.227740
3.081643 86.601540 7.263683 83.215550
3.761151 86.625380 7.932608 83.185730
4.619787 86.696990 8.762727 83.175010
5.591334 86.770900 9.709612 83.166010
6.608439 86.844400 10.725940 83.154290
7.634023 86.901350 11.801000 83.133760
8.711110 86.958450 12.937330 83.088670
9.832777 87.009730 14.096470 83.033530
11.007620 87.011520 15.267090 82.947180
12.275390 86.965120 16.469340 82.808320
13.626340 86.918150 17.759190 82.666030
15.069990 86.825170 19.150660 82.481360
16.615310 86.785220 20.643570 82.342800
18.281790 86.877740 22.277690 82.322750
20.047850 87.081990 24.030140 82.404400
21.900640 87.285740 25.892980 82.466950
23.863160 87.475150 27.897980 82.461270
25.902040 87.591950 29.968460 82.397590
28.010580 87.643840 32.106810 82.291930
30.161670 87.666240 34.290160 82.176290
32.320100 87.664230 36.477930 82.036940
34.457590 87.659770 38.628690 81.904000
36.605810 87.671870 40.787190 81.760620
38.730770 87.693440 42.924500 81.645370
40.845470 87.730240 45.064810 81.541310
42.917780 87.780190 47.168990 81.429760
44.982820 87.855000 49.268460 81.351050
47.029150 87.934110 51.357280 81.283610
49.088540 87.988070 53.441530 81.182470
51.131190 88.046720 55.514860 81.085230
53.178890 88.088740 57.569730 80.987200
55.228720 88.131890 59.632560 80.901250
57.257270 88.189930 61.676080 80.817920
59.284240 88.231390 63.727130 80.731540
61.307870 88.268110 65.767840 80.631620
63.333450 88.313230 67.798600 80.535650
65.383590 88.353950 69.809930 80.460610
67.446480 88.391970 71.861330 80.376320
69.483090 88.432190 73.887580 80.292500
71.551190 88.436950 75.936040 80.194910
73.590280 88.449790 77.979190 80.084480
75.642440 88.447490 80.018190 79.964540
77.675640 88.454840 82.056060 79.835540
79.705830 88.461020 84.104420 79.710230
81.744040 88.480290 86.168680 79.591460
83.774580 88.511400 88.225570 79.487850
85.799340 88.557110 90.293640 79.389540
87.804420 88.601160 92.319450 79.263550
89.806920 88.643630 94.350880 79.154180
91.803370 88.704770 96.381270 79.053520
93.754020 88.738080 98.378540 78.957330
95.670500 88.790390 100.334600 78.862420
97.538390 88.822000 102.242800 78.742980
99.322990 88.859730 104.083500 78.634710
100.954900 88.856800 105.749300 78.496820
102.409400 88.885030 107.246300 78.397310
103.660500 88.873010 108.554200 78.298800
104.773500 88.863290 109.707900 78.214010
105.718200 88.844540 110.681400 78.130100
106.475800 88.845300 111.466400 78.077710
107.080900 88.835950 112.056900 78.049730
107.600100 88.863550 112.537400 78.070480
108.075700 88.966910 113.021300 78.133780
108.506900 89.161700 113.488200 78.301800
108.887900 89.429650 113.896400 78.547050
109.267500 89.752890 114.314700 78.846120
109.650400 90.181660 114.746600 79.250020
110.007800 90.683680 115.149100 79.726530
110.331900 91.262390 115.546200 80.317080
110.663200 91.958220 115.952100 80.990290
110.947400 92.750780 116.332000 81.777250
111.190500 93.649870 116.676000 82.667410
111.329400 94.676260 116.925700 83.700220
111.382200 95.834440 117.103400 84.864160
111.376200 97.156700 117.241600 86.199240
111.321400 98.712080 117.417700 87.736590
111.179000 100.499200 117.562500 89.444090
111.052600 102.454500 117.728300 91.362770
110.953400 104.573600 117.908500 93.472230
110.848100 106.867600 118.106400 95.765010
110.729000 109.311900 118.296600 98.214550
110.604600 111.877700 118.475400 100.810500
110.451100 114.520800 118.628300 103.490700
110.254000 117.240000 118.740000 106.238900
110.055600 119.971100 118.846200 109.016500
109.855900 122.687400 118.933600 111.777200
109.666000 125.388400 119.027800 114.509900
109.501800 128.077800 119.146400 117.193500
109.371200 130.752800 119.298800 119.874000
109.256400 133.406800 119.459900 122.532600
109.149100 136.006600 119.616400 125.122000
109.039300 138.439400 119.756800 127.553900
108.946900 140.687200 119.880400 129.791200
108.848000 142.713600 119.987200 131.806000
108.759900 144.486400 120.080100 133.601000
108.690000 146.045200 120.167900 135.196400
108.715900 147.402400 120.256300 136.605700
108.827800 148.539800 120.325400 137.787300
108.921200 149.485400 120.406200 138.778900
109.006800 150.284400 120.486400 139.587000
109.049700 151.026600 120.568700 140.335000
109.110000 151.749000 120.663700 141.054500
109.240400 152.403100 120.749200 141.771000
109.344100 153.097600 120.836600 142.502000
109.452600 153.933600 120.945100 143.371300
109.521400 154.936000 121.050800 144.390200
109.584300 156.072700 121.164000 145.552200
109.645200 157.328900 121.295100 146.839300
109.667500 158.738000 121.406800 148.272300
109.715500 160.311600 121.555000 149.871800
109.696400 162.088600 121.703200 151.643100
109.648800 164.031700 121.863600 153.595900
109.639100 166.108700 122.027000 155.711200
109.633200 168.339900 122.194000 157.952200
109.612700 170.710700 122.363100 160.345900
109.583300 173.210300 122.559000 162.866200
109.553500 175.810400 122.748700 165.489100
109.534300 178.500200 122.960900 168.198600
109.535800 181.237100 123.204100 170.941300
109.577200 183.940500 123.441000 173.669000
109.589000 186.635900 123.673400 176.384400
109.627500 189.311100 123.906100 179.073500
109.659000 191.927100 124.098000 181.714600
109.629600 194.430300 124.229200 184.243400
109.574900 196.783200 124.341600 186.615700
109.514500 198.966200 124.444100 188.842100
109.471200 200.971300 124.549500 190.876800
109.448700 202.821200 124.662200 192.752400
109.448800 204.602200 124.805300 194.548900
109.487500 206.354100 124.966500 196.309700
109.546200 208.062400 125.148300 198.035000
109.610500 209.709200 125.334500 199.697400
109.671900 211.262700 125.502600 201.260400
109.705900 212.701800 125.629200 202.709600
109.734000 214.083700 125.740200 204.103800
109.731100 215.443500 125.821600 205.466800
109.707300 216.763900 125.883500 206.786400
109.699800 218.051000 125.961700 208.072900
109.686600 219.346900 126.039600 209.360900
109.662800 220.744800 126.145900 210.721900
109.624300 222.181900 126.241300 212.137200
109.632900 223.689900 126.377700 213.630900
109.598100 225.285500 126.470500 215.215700
109.569800 226.964200 126.575000 216.899400
109.440500 228.723900 126.608700 218.676000
109.201500 230.569600 126.562400 220.541200
108.840200 232.500400 126.406300 222.524600
108.453300 234.508400 126.245000 224.592800
108.103400 236.603300 126.116100 226.740700
107.820000 238.782500 126.057400 228.968500
107.625300 241.068300 126.085500 231.272000
107.500700 243.440400 126.188300 233.680700
107.404300 245.878200 126.347400 236.165500
107.332600 248.416100 126.521500 238.728800
107.256600 251.021300 126.699100 241.375100
107.176600 253.624800 126.867100 244.001800
107.085700 256.216800 127.020800 246.621400
106.990300 258.788300 127.168700 249.219600
106.888800 261.345700 127.304300 251.801700
106.803900 263.853500 127.447300 254.337300
106.756800 266.256500 127.590100 256.761100
106.736800 268.495900 127.731400 259.034500
106.721100 270.543000 127.882900 261.132900
106.664600 272.451300 128.030500 263.071500
106.602400 274.231700 128.166100 264.871700
106.541100 275.936000 128.285100 266.579400
106.490100 277.548900 128.425600 268.183900
106.431000 279.024300 128.564400 269.637500
106.436000 280.325900 128.731300 270.927200
106.525700 281.483400 128.942800 272.065400
106.690800 282.500200 129.223600 273.061500
106.934200 283.393700 129.558100 273.917800
107.264500 284.174800 129.919300 274.674100
107.615000 284.885400 130.326700 275.399000
108.052900 285.553000 130.813300 276.037400
108.564200 286.162300 131.340700 276.620200
109.134400 286.814700 131.965200 277.249900
109.716100 287.520500 132.612500 277.891100
110.122000 288.203000 133.119100 278.508300
110.422100 288.820000 133.517700 279.079400
110.586500 289.418300 133.799000 279.654000
110.618300 290.064100 133.930200 280.247500
110.518800 290.708100 133.960700 280.830600
110.370600 291.314300 133.904600 281.425000
110.141900 291.925400 133.785500 282.016500
109.836600 292.549000 133.560900 282.620900
109.496500 293.150200 133.280400 283.236100
109.127000 293.786300 132.992300 283.901300
108.698100 294.485100 132.637600 284.617000
108.256700 295.314100 132.279000 285.462700
107.818100 296.219200 131.935100 286.420800
107.428300 297.304000 131.655900 287.524400
107.065000 298.537100 131.436800 288.799500
106.761100 299.883000 131.277500 290.187100
106.504600 301.404000 131.190800 291.747900
106.275100 303.166000 131.149500 293.520600
106.085800 305.101300 131.148500 295.447800
105.832300 307.215400 131.128200 297.571300
105.631300 309.512000 131.164700 299.887300
105.511000 311.924600 131.261800 302.334100
105.445300 314.490700 131.464600 304.912700
105.421000 317.132600 131.688200 307.561100
105.442800 319.873700 131.963100 310.306000
105.446400 322.691700 132.257700 313.131400
105.418000 325.550100 132.506600 316.008400
105.395200 328.463500 132.774900 318.950500
105.363900 331.394800 133.053500 321.891900
105.291400 334.291700 133.308300 324.799100
105.220100 337.191700 133.569000 327.710100
105.144300 340.052300 133.815200 330.579000
105.074500 342.867900 134.050000 333.422300
105.008900 345.615600 134.247000 336.222000
104.963300 348.183800 134.414600 338.878200
104.902500 350.569000 134.588400 341.335900
104.816700 352.734300 134.745900 343.548800
104.677500 354.661300 134.898900 345.527500
104.615300 356.352300 135.055800 347.264800
104.604300 357.799100 135.245100 348.753000
104.701100 359.026400 135.490900 350.007300
104.890600 360.123900 135.825400 351.115700
105.192900 361.139800 136.228800 352.135800
105.583500 362.033500 136.741100 353.055900
106.094900 362.891300 137.347500 353.876000
106.699400 363.652300 138.042600 354.590200
107.414200 364.337700 138.838100 355.214100
108.207300 364.984000 139.775200 355.875700
109.274200 365.625100 140.915200 356.445700
110.518200 366.322000 142.241000 357.022900
111.969200 367.023500 143.779500 357.591200
113.629200 367.645200 145.527300 358.062100
115.502500 368.145800 147.464500 358.393600
117.562800 368.470200 149.595100 358.550200
119.826500 368.663600 151.905500 358.529600
122.238200 368.733400 154.336000 358.382000
124.812600 368.744200 156.914300 358.153300
127.509600 368.750200 159.617400 357.898100
130.334100 368.742700 162.442800 357.619200
133.295700 368.738200 165.409000 357.320800
136.383900 368.770400 168.518200 357.021000
139.555000 368.815800 171.705300 356.741800
142.817300 368.903900 174.972000 356.470600
146.129200 369.028000 178.282500 356.235300
149.483900 369.137700 181.658600 355.995600
152.891500 369.309800 185.071700 355.736900
156.306000 369.518300 188.508200 355.489800
159.737200 369.684200 191.966500 355.222800
163.198500 369.811800 195.441300 354.941700
166.695400 369.930000 198.966300 354.650100
170.207000 370.046100 202.491000 354.352900
173.771600 370.157300 206.056800 354.073700
177.360900 370.266500 209.651900 353.807800
180.975000 370.366900 213.263700 353.533200
184.518100 370.493400 216.873700 353.254100
188.057900 370.608200 220.454000 352.973300
191.649500 370.691100 224.032900 352.693500
195.256300 370.767500 227.606100 352.416500
198.849500 370.860000 231.132100 352.153600
202.381300 370.945800 234.646500 351.867900
205.845900 371.042000 238.128600 351.585000
209.282900 371.140100 241.569700 351.294800
212.668000 371.264500 244.943000 351.033300
216.064400 371.405600 248.316600 350.770200
219.481600 371.542500 251.698800 350.512500
222.884100 371.677600 255.072100 350.261800
226.298100 371.814800 258.448100 350.010500
229.735800 371.946300 261.823800 349.764900
233.194100 372.081100 265.243500 349.504900
236.650500 372.201800 268.665500 349.238000
240.111200 372.286400 272.100600 348.928100
243.564300 372.361500 275.537600 348.599900
247.015400 372.438700 279.000200 348.274300
250.457000 372.513500 282.435600 347.948200
253.891600 372.590900 285.869000 347.630700
257.290300 372.695800 289.284200 347.326400
260.690700 372.783400 292.694600 347.028400
264.069500 372.879600 296.066500 346.733800
267.431600 372.988700 299.431400 346.454800
270.776800 373.106400 302.780900 346.176200
274.109000 373.236700 306.121200 345.915000
277.432900 373.381900 309.442400 345.666700
280.759300 373.509600 312.771100 345.407700
284.056000 373.639500 316.079200 345.143000
287.359000 373.744400 319.388600 344.849400
290.659600 373.828200 322.682400 344.545000
293.947900 373.890800 325.981500 344.218700
297.237800 373.937600 329.254900 343.896100
300.521400 373.988900 332.535600 343.574000
303.768300 374.045300 335.759600 343.265600
306.957900 374.123300 339.011800 342.941100
310.146500 374.187500 342.226200 342.608600
313.322400 374.161000 345.396200 342.278800
316.483700 374.147700 348.548800 341.945800
319.614100 374.138000 351.671900 341.609400
322.710900 374.134900 354.760700 341.286100
325.754600 374.160500 357.795100 340.990600
328.760000 374.252700 360.819400 340.751600
331.723400 374.480400 363.791800 340.656600
334.629700 374.897700 366.741000 340.743000
337.443500 375.575200 369.635900 341.044800
340.190600 376.425800 372.467900 341.570700
342.858100 377.501000 375.243300 342.294500
345.468300 378.757900 377.983100 343.209700
348.031800 380.138800 380.689200 344.269700
350.528000 381.659100 383.355800 345.443400
353.018700 383.175200 386.027800 346.628000
355.491300 384.652000 388.678400 347.782300
357.947400 386.052400 391.347400 348.848200
360.450400 387.298300 394.022900 349.761600
362.989400 388.343200 396.712000 350.483500
365.629600 389.180000 399.453500 350.970300
368.276800 389.785200 402.196600 351.254700
371.000200 390.203900 404.974400 351.328600
373.810900 390.409900 407.782900 351.202700
376.669700 390.515800 410.621300 350.906400
379.565900 390.475800 413.491000 350.477300
382.519300 390.334600 416.407100 349.933200
385.568500 390.096400 419.389200 349.326100
388.667700 389.806400 422.416500 348.654100
391.801000 389.495500 425.511200 347.956500
394.948500 389.200900 428.604300 347.279200
398.070600 388.865200 431.666500 346.558500
401.148300 388.481900 434.678700 345.803000
404.065800 388.058900 437.524900 345.027000
406.691700 387.530400 440.086700 344.180400
409.000000 386.806300 442.287900 343.195300
410.962900 385.896000 444.102500 342.068100
412.562500 384.785500 445.604200 340.823600
413.996700 383.545300 446.840800 339.383800
415.180900 382.105900 447.799000 337.791000
416.123400 380.517100 448.499900 336.074000
416.780300 378.715300 448.975000 334.220400
417.257500 376.862000 449.206300 332.279300
417.474300 374.922400 449.203500 330.286100
417.570600 372.940800 449.042400 328.249600
417.595000 370.957200 448.806900 326.253500
417.608000 368.989000 448.566700 324.265100
417.583600 367.038100 448.292600 322.293900
417.563900 365.089500 448.021700 320.323000
417.541600 363.162600 447.749100 318.379500
417.537500 361.254500 447.493700 316.467100
417.528500 359.368700 447.229900 314.570600
417.528100 357.497400 446.986800 312.680100
417.533000 355.636800 446.745500 310.815200
417.535200 353.779400 446.500900 308.936800
417.571900 351.871300 446.279400 307.034500
417.625100 349.951000 446.068100 305.106000
417.694000 348.023900 445.899200 303.166300
417.785900 346.081700 445.746100 301.204700
417.908800 344.103500 445.622600 299.204200
418.015700 342.077300 445.466300 297.151100
418.081000 339.964700 445.256600 295.027600
418.090200 337.760700 444.979700 292.808900
418.050600 335.423900 444.642100 290.460500
417.958300 332.974100 444.243800 288.007300
417.860400 330.443200 443.780000 285.487300
417.712700 327.891600 443.251100 282.942100
417.482600 325.340400 442.655600 280.405900
417.033400 322.795700 441.949900 277.917700
416.342400 320.296000 441.029200 275.493100
415.500300 317.846800 439.933100 273.124700
414.502200 315.485600 438.672100 270.864000
413.318100 313.201700 437.237300 268.696500
412.032900 310.983400 435.703900 266.609900
410.705100 308.826400 434.134900 264.592200
409.332700 306.723300 432.521400 262.632300
407.938700 304.690300 430.890100 260.744300
406.473300 302.693100 429.190400 258.905900
404.955000 300.719700 427.440000 257.089700
403.421700 298.744000 425.676400 255.272100
401.884500 296.708900 423.903100 253.391200
400.391900 294.639900 422.172800 251.478500
398.848100 292.568900 420.502100 249.538000
397.412100 290.463600 418.880200 247.557100
396.057400 288.363000 417.324700 245.561100
394.718200 286.280300 415.769200 243.592800
393.408400 284.209500 414.244700 241.635000
392.117400 282.093800 412.685000 239.658000
390.835100 279.982500 411.156600 237.680200
389.579700 277.837900 409.655900 235.653300
388.345300 275.665600 408.170900 233.606400
387.120100 273.483200 406.691000 231.554100
385.875700 271.265000 405.169600 229.462500
384.628200 269.049200 403.646300 227.381500
383.381900 266.843000 402.113600 225.297200
382.125900 264.656300 400.584600 223.241600
380.854500 262.504300 399.049200 221.230700
379.661500 260.394600 397.496700 219.240200
378.446600 258.284100 395.924700 217.316800
377.135400 256.231900 394.344700 215.417900
375.830100 254.203900 392.806300 213.567900
374.666100 252.142300 391.260400 211.708200
373.467400 250.089900 389.688800 209.829700
372.260300 248.016900 388.090500 207.931400
371.007200 245.900200 386.450400 206.001700
369.693400 243.722700 384.778800 204.037900
368.315100 241.489500 383.014900 201.993500
366.888500 239.203500 381.202900 199.912100
365.460800 236.868900 379.386900 197.804100
364.012600 234.509600 377.557700 195.630600
362.529900 232.103900 375.729000 193.390800
361.127000 229.646700 373.909000 191.143200
359.661000 227.165200 372.057300 188.853300
358.172600 224.664800 370.180800 186.559600
356.667000 222.124500 368.229400 184.256300
355.093500 219.562900 366.206600 181.924900
353.424100 216.994400 364.140200 179.607600
351.712100 214.400800 362.052800 177.279800
349.975600 211.757600 359.916300 174.896600
348.217300 209.053900 357.759800 172.466600
346.440100 206.295800 355.580700 169.987500
344.718700 203.491400 353.399700 167.488300
343.048900 200.668300 351.211500 164.960300
341.324500 197.881200 349.026500 162.446200
339.568500 195.094400 346.864400 159.907100
337.852500 192.286600 344.707400 157.355000
336.194600 189.467000 342.540900 154.804100
334.505100 186.643600 340.395500 152.220500
332.810200 183.813400 338.244200 149.618800
331.136400 180.975200 336.115200 147.025800
329.490700 178.148700 333.999300 144.451700
327.932900 175.420200 331.972900 141.963600
326.471500 172.833200 330.065500 139.607500
325.095300 170.445000 328.296400 137.429500
323.762200 168.206100 326.591400 135.356800
322.412400 165.996900 324.877300 133.338100
321.011100 163.835400 323.152700 131.353700
319.641800 161.678600 321.461100 129.372200
318.295500 159.472400 319.756200 127.344900
316.951800 157.229300 318.055600 125.277000
315.588800 154.961100 316.317300 123.192400
314.135600 152.692800 314.521900 121.103600
312.631900 150.387300 312.681900 118.978700
311.148500 148.012100 310.810400 116.819100
309.612900 145.580200 308.903100 114.606600
308.016700 143.109100 306.947200 112.360800
306.331100 140.598200 304.925600 110.077300
304.564400 138.076000 302.828200 107.775600
302.797400 135.508900 300.688000 105.443900
300.997000 132.893600 298.517600 103.076400
299.222800 130.218600 296.309300 100.660000
297.437100 127.496300 294.078200 98.201280
295.655500 124.725500 291.832100 95.692660
293.887000 121.904900 289.570500 93.134180
292.106700 119.014900 287.291500 90.530940
290.285600 116.096800 284.978900 87.905530
288.486200 113.134700 282.656100 85.257360
286.686000 110.204800 280.328800 82.619470
284.893700 107.269000 278.008300 79.994600
283.126100 104.350100 275.696700 77.398900
281.355100 101.454500 273.414100 74.846030
279.594100 98.593690 271.150100 72.318160
277.853700 95.782330 268.912400 69.822200
276.123300 93.015090 266.686200 67.347290
274.407100 90.294590 264.470700 64.913130
272.692900 87.620630 262.290700 62.507780
270.986100 84.990760 260.107000 60.160630
269.325100 82.370640 257.954000 57.836350
267.721500 79.761360 255.841800 55.555820
266.125000 77.187760 253.760100 53.285870
264.542700 74.650060 251.692600 51.012780
262.985600 72.146080 249.663100 48.784890
261.442300 69.672120 247.645700 46.562080
259.914000 67.228910 245.658300 44.382230
258.304500 64.884450 243.706800 42.221360
256.745600 62.566170 241.818200 40.104750
255.295000 60.234750 239.997000 37.972140
253.997800 57.859320 238.313800 35.795070
252.910900 55.413560 236.810800 33.485740
252.070800 52.918370 235.534300 31.121990
251.456200 50.379500 234.501700 28.707270
251.101500 47.849010 233.697500 26.247690
250.932300 45.362320 233.088800 23.792410
250.858900 42.970440 232.591300 21.416940
250.880600 40.703100 232.132100 19.111590
250.860200 38.529600 231.648100 16.919820
250.643100 36.422190 231.031100 14.859340
250.219900 34.431510 230.227800 12.958390
249.550300 32.522370 229.226900 11.190520
248.682400 30.805930 228.029600 9.626989
247.595100 29.296170 226.623200 8.303262
246.325600 27.986790 225.088100 7.210934
244.806500 26.870520 223.412600 6.376212
243.208500 26.046220 221.648200 5.811875
241.618500 25.511990 219.972800 5.559439
240.183400 25.244680 218.501400 5.547444
238.935000 25.182690 217.249900 5.702315
237.834400 25.306400 216.189500 6.009674
236.751000 25.547440 215.202500 6.456967
235.819600 26.015040 214.373100 7.079896
235.018800 26.634010 213.707800 7.808754
234.322500 27.380390 213.150500 8.648273
233.665300 28.270030 212.745700 9.681488
233.152200 29.370220 212.439700 10.848530
232.717700 30.623840 212.270600 12.141320
232.381300 32.026050 212.225800 13.547010
232.146500 33.563930 212.301400 15.092220
231.970000 35.230950 212.457200 16.749400
231.824100 37.057360 212.664500 18.554780
231.711700 38.971820 212.906000 20.470380
231.613800 41.054710 213.184900 22.511520
231.500400 43.265380 213.478200 24.691050
231.399200 45.576380 213.807900 26.988340
231.319600 47.958050 214.170400 29.363880
231.245500 50.455120 214.555500 31.844980
231.179600 53.045730 214.965700 34.414580
231.112600 55.734600 215.385300 37.084690
231.018200 58.532000 215.825900 39.824250
230.923100 61.468330 216.305500 42.690640
230.781800 64.386420 216.745400 45.596210
230.554400 67.301250 217.107100 48.519280
230.382900 70.279420 217.531800 51.479100
230.251900 73.265810 217.973700 54.456510
230.117200 76.279160 218.404800 57.448710
229.963600 79.299000 218.843300 60.510700
229.812600 82.350860 219.274100 63.582730
229.639600 85.361680 219.704500 66.645970
229.508400 88.372400 220.152500 69.683360
229.396200 91.404150 220.606000 72.708330
229.226100 94.390420 221.004200 75.720500
229.043400 97.383610 221.379900 78.731640
228.915600 100.420900 221.825000 81.759890
228.777400 103.429600 222.234500 84.778990
228.620500 106.515300 222.657700 87.879750
228.492800 109.617700 223.104800 90.971960
228.345100 112.766000 223.531000 94.107570
228.262200 115.953800 223.982500 97.308190
228.174500 119.123600 224.431800 100.483700
228.062700 122.300500 224.856900 103.667900
227.923700 125.438600 225.255800 106.811600
227.800300 128.526100 225.666000 109.899200
227.652200 131.598300 226.062100 112.996000
227.534700 134.639400 226.476800 116.050600
227.419600 137.638100 226.880900 119.068800
227.314300 140.648200 227.310100 122.059500
227.209000 143.551900 227.701800 124.972400
227.066800 146.491000 228.077200 127.906800
226.958600 149.420900 228.479100 130.788900
226.876000 152.285800 228.882700 133.612300
226.800700 155.135000 229.295600 136.410800
226.731900 157.928600 229.700900 139.174200
226.671000 160.677000 230.095000 141.906600
226.582000 163.433500 230.472500 144.628300
226.485000 166.141300 230.834600 147.331600
226.397200 168.834800 231.199300 150.003600
226.291800 171.503000 231.537500 152.655600
226.193800 174.156400 231.880000 155.302100
226.097700 176.845900 232.239100 157.981000
226.004100 179.602700 232.615700 160.727600
225.899400 182.370000 232.996000 163.490600
225.790500 185.147000 233.366300 166.256200
225.666400 187.881700 233.729200 168.998200
225.559700 190.596700 234.088600 171.692800
225.450800 193.273500 234.444500 174.363400
225.344100 195.959200 234.807800 177.054000
225.255300 198.650900 235.202300 179.715500
225.193200 201.334900 235.606900 182.363700
225.127200 204.006800 236.004400 184.980000
225.065500 206.635300 236.385200 187.576800
225.010800 209.237100 236.771500 190.150700
224.942500 211.826000 237.155600 192.718700
224.891100 214.400400 237.553100 195.250100
224.851300 216.935700 237.943700 197.742800
224.574700 219.362300 238.318400 200.187300
224.296500 221.836900 238.698200 202.670800
224.077500 224.335800 239.088000 205.192200
223.912600 226.902200 239.495600 207.752200
223.741800 229.521600 239.884200 210.381900
223.606900 232.177000 240.277900 213.030500
223.385500 235.003000 240.654000 215.766600
223.159800 237.809300 240.994400 218.541700
222.960600 240.674800 241.358700 221.362100
222.792300 243.535000 241.732400 224.167100
222.588700 246.352100 242.089800 226.949300
222.380700 249.170100 242.455200 229.717500
222.221500 251.920200 242.828200 232.450400
222.080000 254.672900 243.230200 235.179200
221.956900 257.368500 243.619900 237.851900
221.829100 260.046700 244.011100 240.533800
221.692500 262.646800 244.358900 243.180400
221.568600 265.262200 244.735600 245.799400
221.459700 267.839700 245.114000 248.383800
221.336200 270.381800 245.481200 250.925700
221.189700 272.766200 245.770200 253.305000
221.088000 275.002000 246.072900 255.525200
221.026400 277.045600 246.402000 257.552100
221.049000 278.872300 246.754600 259.341700
221.129600 280.543300 247.143000 260.969100
221.219900 282.100200 247.535200 262.480400
221.344400 283.572300 247.940600 263.892900
221.383300 284.982800 248.250700 265.243000
221.427300 286.297500 248.553200 266.505500
221.355400 287.505400 248.715000 267.683900
221.243100 288.625800 248.832800 268.783000
221.036600 289.678700 248.839200 269.838000
220.706100 290.652000 248.702400 270.833700
220.342100 291.553100 248.501200 271.796300
219.853800 292.364600 248.188000 272.688100
219.269900 293.212700 247.787900 273.622600
218.538100 294.065300 247.241200 274.575200
217.686800 294.889800 246.538100 275.551800
216.657700 295.681400 245.666100 276.490700
215.444500 296.400100 244.595700 277.369200
214.042800 296.980800 243.315000 278.156900
212.392600 297.367200 241.779100 278.795100
210.496800 297.522800 239.996700 279.302800
208.422600 297.550500 237.949700 279.675900
206.131200 297.483400 235.695000 279.991800
203.651200 297.386400 233.236500 280.341100
200.976300 297.310600 230.603100 280.737300
198.089000 297.234800 227.768900 281.169200
194.997600 297.169600 224.728300 281.649300
191.702200 297.088100 221.475300 282.146300
188.259400 296.972900 218.071900 282.651300
184.687600 296.836900 214.534900 283.157400
180.991300 296.697500 210.861100 283.678100
177.262000 296.545800 207.139200 284.198200
173.558400 296.374900 203.461800 284.678400
169.919200 296.277600 199.799600 285.169500
166.317100 296.215600 196.158700 285.655000
162.711100 296.177000 192.526400 286.137200
159.134700 296.119900 188.919600 286.606600
155.571100 296.037800 185.332500 287.075200
152.007700 295.960500 181.756600 287.560400
148.468000 295.873200 178.211000 288.039100
144.946600 295.784900 174.674200 288.525600
141.444100 295.697900 171.172000 289.005800
137.975600 295.609100 167.709200 289.477000
134.474600 295.536100 164.267300 289.940300
131.021500 295.387200 160.840000 290.380400
127.584800 295.185200 157.444200 290.745100
124.194200 294.919100 154.068000 291.036900
120.833000 294.568800 150.718500 291.243700
117.524100 294.148300 147.397800 291.372400
114.277200 293.717200 144.129500 291.492800
111.044200 293.263000 140.878100 291.591000
107.875300 292.820400 137.690700 291.680300
104.688800 292.432800 134.482000 291.826200
101.526200 292.112800 131.299300 292.020100
98.320670 291.867700 128.089300 292.305100
95.075730 291.698100 124.856100 292.657800
91.781610 291.600800 121.570800 293.111700
88.461730 291.510300 118.256800 293.598300
85.094010 291.416400 114.913000 294.080900
81.672540 291.325000 111.505700 294.575900
78.223590 291.216800 108.100600 295.075000
74.766450 291.106600 104.697000 295.554800
71.344240 290.985400 101.295900 296.017200
67.941880 290.873200 97.935690 296.474200
64.574620 290.765700 94.587910 296.940500
61.246410 290.655900 91.302610 297.395600
57.944380 290.555500 88.052450 297.848700
54.688490 290.463900 84.832300 298.305900
51.465180 290.374800 81.645570 298.758300
48.250390 290.298700 78.469060 299.231900
45.050130 290.226400 75.299030 299.691700
41.875270 290.157700 72.143440 300.157300
38.711490 290.079000 69.030720 300.628300
35.578690 289.999000 65.908900 301.093300
32.468040 289.919000 62.839110 301.563400
29.399030 289.855900 59.817010 302.035400
26.374440 289.806000 56.831220 302.513800
23.466190 289.753800 53.980030 302.970500
20.703250 289.695700 51.266810 303.409700
18.065590 289.632000 48.680070 303.801500
15.545090 289.573700 46.202560 304.183100
13.147890 289.520300 43.847360 304.550500
10.888030 289.488100 41.640120 304.919900
8.793075 289.520100 39.597090 305.331100
6.883822 289.607400 37.745530 305.764700
5.082836 289.770600 36.008770 306.248900
3.360773 289.989300 34.362880 306.774000
1.693438 290.246300 32.784750 307.327900
0.081762 290.523900 31.265900 307.895100
-1.454040 290.824700 29.825240 308.452000
-2.912142 291.153900 28.475720 309.023600
-4.263831 291.496500 27.243370 309.599700
-5.469629 291.865200 26.146490 310.172000
-6.561797 292.250200 25.154610 310.749600
-7.567325 292.720400 24.281500 311.379600
-8.250854 293.150700 23.709370 311.916200
-8.615564 293.414600 23.419310 312.227400
-8.701378 293.497800 23.359020 312.324900
-8.677816 293.476200 23.376640 312.291700
-8.670689 293.481400 23.372540 312.298800
-8.660467 293.476600 23.366530 312.289100
-8.651698 293.468700 23.361000 312.285700
-8.643833 293.460000 23.360280 312.272700
-8.651930 293.468400 23.359330 312.284100
-8.687854 293.502400 23.327470 312.332400
-8.762112 293.570000 23.275000 312.398100
-8.920494 293.730700 23.162060 312.582200
-9.169684 294.008200 22.973790 312.903900
-9.506103 294.394700 22.739310 313.393000
-9.958653 294.935000 22.419780 314.010100
-10.520470 295.675700 22.025290 314.847700
-11.117550 296.668100 21.648390 315.929100
-11.708500 297.866400 21.334250 317.269100
-12.237630 299.339200 21.119760 318.819700
-12.683330 301.018400 21.027790 320.532000
-13.070580 302.864600 21.016370 322.416300
-13.368680 304.910200 21.131990 324.481000
-13.565630 307.103100 21.376230 326.689500
-13.722500 309.483700 21.686260 329.043600
