0.000000 0.000000 0.000000 0.000000
0.054181 0.879235 0.036205 0.875493
0.069768 1.824326 0.030245 1.818012
0.003415 2.875512 -0.085588 2.854170
-0.123130 4.021896 -0.241872 3.977634
-0.355562 5.248722 -0.487509 5.214874
-0.622388 6.586939 -0.763297 6.564546
-0.941959 8.041587 -1.112112 8.017499
-1.317954 9.607606 -1.512430 9.574646
-1.746028 11.261490 -1.995486 11.231060
-2.247333 13.001260 -2.559736 12.988810
-2.819369 14.841550 -3.190550 14.845130
-3.471584 16.794890 -3.884608 16.811890
-4.206227 18.801040 -4.661832 18.865480
-5.002325 20.924250 -5.499496 21.005570
-5.895726 23.141170 -6.419428 23.245460
-6.893668 25.384920 -7.432420 25.487380
-7.982190 27.688730 -8.545100 27.806790
-9.164411 30.059710 -9.762342 30.207910
-10.444260 32.492060 -11.088860 32.657690
-11.824940 34.996970 -12.504350 35.176040
-13.288260 37.616200 -14.023370 37.768110
-14.807970 40.343090 -15.597350 40.483890
-16.405480 43.114560 -17.214540 43.259080
-18.046730 45.856950 -18.895490 46.001680
-19.822820 48.550680 -20.672660 48.697970
-21.675070 51.158150 -22.542450 51.342630
-23.560100 53.734170 -24.454990 53.951200
-25.494780 56.313420 -26.419630 56.558160
-27.482530 58.864650 -28.418880 59.130660
-29.541190 61.360910 -30.504450 61.678110
-31.678300 63.840490 -32.661930 64.186570
-33.902360 66.293940 -34.914080 66.663850
-36.250580 68.681990 -37.249700 69.098220
-38.692550 71.052560 -39.686470 71.494310
-41.192840 73.405700 -42.214220 73.866340
-43.783840 75.735640 -44.820880 76.232690
-46.432290 78.051270 -47.502830 78.565270
-49.152200 80.361270 -50.247750 80.886580
-51.940820 82.646680 -53.055450 83.196280
-54.848670 84.861880 -55.982710 85.429150
-57.859180 86.983730 -59.017830 87.566930
-60.964150 89.027210 -62.155290 89.638450
-64.171330 90.959490 -65.395670 91.595900
-67.486660 92.809380 -68.744900 93.457500
-70.858280 94.583360 -72.140810 95.259870
-74.262510 96.288110 -75.567240 97.009040
-77.676110 97.939670 -79.000600 98.692510
-81.063060 99.532950 -82.437080 100.332700
-84.370760 101.062700 -85.794550 101.924000
-87.620370 102.509100 -89.049440 103.452000
-90.786320 103.874400 -92.240830 104.895700
-93.870530 105.255700 -95.332440 106.346500
-96.881570 106.709600 -98.349050 107.842500
-99.805830 108.239800 -101.261300 109.412100
-102.636000 109.900200 -104.106100 111.081000
-105.378400 111.659200 -106.851400 112.872500
-107.976000 113.472300 -109.441000 114.735600
-110.447900 115.333000 -111.913400 116.649100
-112.784900 117.225600 -114.242800 118.586000
-115.015000 119.132700 -116.435500 120.569600
-117.123400 121.056800 -118.496200 122.542300
-119.078900 122.948300 -120.446700 124.533900
-120.895600 124.857100 -122.262100 126.506800
-122.564000 126.793900 -123.930700 128.499400
-124.115200 128.784700 -125.482800 130.550300
-125.556900 130.848800 -126.916400 132.659000
-126.900700 132.986400 -128.264900 134.825100
-128.166200 135.162700 -129.546900 137.050900
-129.390300 137.438800 -130.781400 139.360200
-130.624700 139.816800 -132.020700 141.766800
-131.850200 142.307900 -133.248500 144.298600
-133.053900 144.928800 -134.436700 146.951600
-134.221100 147.696700 -135.580700 149.725400
-135.286000 150.585100 -136.679900 152.661700
-136.188200 153.654800 -137.634400 155.767000
-136.902400 156.885700 -138.392000 159.041300
-137.414500 160.267800 -138.946300 162.444000
-137.716200 163.797200 -139.276100 165.978800
-137.811800 167.451700 -139.400100 169.633600
-137.693100 171.190300 -139.316600 173.395400
-137.342300 175.019300 -138.996200 177.265400
-136.764600 178.911300 -138.442100 181.221100
-135.961700 182.879700 -137.665800 185.226400
-134.921000 186.887900 -136.654600 189.272300
-133.676900 190.927900 -135.415600 193.343900
-132.176400 194.967500 -133.929000 197.404100
-130.412100 198.974000 -132.178500 201.439500
-128.325000 202.907800 -130.080900 205.381200
-125.879600 206.683600 -127.655100 209.171000
-123.115600 210.265500 -124.902700 212.779400
-120.072500 213.663000 -121.890000 216.176300
-116.797700 216.867700 -118.641200 219.391200
-113.326600 219.882100 -115.197300 222.430700
-109.741800 222.621900 -111.627200 225.178100
-106.071200 225.055100 -107.971100 227.629600
-102.330300 227.163100 -104.222300 229.760000
-98.549080 228.934800 -100.442300 231.552400
-94.765260 230.393600 -96.644690 233.035500
-91.040120 231.572900 -92.923390 234.260100
-87.356360 232.508500 -89.217010 235.227600
-83.712820 233.198800 -85.559080 235.957200
-80.131800 233.665300 -81.981650 236.457100
-76.597140 233.928600 -78.453560 236.751600
-73.221710 234.047000 -75.034890 236.896200
-69.951170 234.094200 -71.759830 236.961600
-66.744420 234.089700 -68.545020 236.983000
-63.631270 234.073000 -65.435090 236.989800
-60.588190 234.080900 -62.390530 237.020800
-57.589970 234.129900 -59.386530 237.101100
-54.631270 234.221300 -56.427530 237.210600
-51.691800 234.380800 -53.480240 237.391800
-48.789980 234.600500 -50.576580 237.631400
-45.914730 234.880700 -47.698970 237.940300
-43.056600 235.221400 -44.838990 238.313300
-40.226560 235.615000 -41.997760 238.735700
-37.436510 236.072300 -39.221680 239.220800
-34.671830 236.602900 -36.446620 239.781700
-31.872100 237.159200 -33.617970 240.375400
-29.030010 237.739000 -30.764480 240.995500
-26.164210 238.361200 -27.894130 241.655100
-23.288400 239.014600 -25.027940 242.349000
-20.420150 239.737800 -22.170240 243.111500
-17.585900 240.557900 -19.327590 243.967200
-14.787740 241.484300 -16.511120 244.922000
-12.027780 242.497800 -13.742670 245.982200
-9.297034 243.589800 -11.014320 247.102000
-6.615868 244.741000 -8.339374 248.286500
-4.000885 245.950200 -5.729036 249.532600
-1.445171 247.223500 -3.166649 250.851300
1.045353 248.560800 -0.670847 252.222800
3.471952 249.950800 1.764494 253.654300
5.864994 251.410300 4.174546 255.161000
8.235125 252.947800 6.564106 256.726000
10.583690 254.573100 8.954108 258.301100
12.953340 256.177400 11.348240 259.905600
15.346400 257.781100 13.777860 261.541500
17.751050 259.400400 16.206060 263.197400
20.188860 261.030300 18.658700 264.862900
22.647720 262.666800 21.116230 266.534900
25.099450 264.305600 23.559080 268.224800
27.525840 265.954500 25.975250 269.932500
29.936290 267.631700 28.368980 271.666100
32.286150 269.360900 30.687990 273.439900
34.606160 271.143700 32.985660 275.282600
36.885170 273.027100 35.228150 277.203700
39.097050 274.998500 37.427170 279.235500
41.290800 277.096800 39.587500 281.375800
43.439250 279.297300 41.700540 283.611000
45.513250 281.622300 43.749380 285.970400
47.514220 284.070700 45.726610 288.454500
49.431830 286.626800 47.620610 291.040300
51.294100 289.273800 49.449460 293.707700
53.101300 292.012400 51.238860 296.475600
54.875230 294.809700 53.000030 299.304500
56.646400 297.643200 54.756260 302.181700
58.445530 300.513000 56.532160 305.080100
60.252450 303.405100 58.322480 308.011900
62.043860 306.330600 60.084880 310.964900
63.761150 309.296200 61.765270 313.959300
65.349920 312.311900 63.316540 316.994300
66.806830 315.364200 64.757090 320.092900
68.116080 318.458200 66.041030 323.208900
69.296620 321.579600 67.203000 326.347700
70.444270 324.701500 68.327400 329.487800
71.544490 327.823300 69.395650 332.622600
72.579080 330.962600 70.407990 335.773800
73.537630 334.109900 71.342020 338.932000
74.456800 337.228300 72.244250 342.067900
75.339380 340.280400 73.115790 345.140800
76.286690 343.179300 74.070280 348.061200
77.264140 345.918700 75.054280 350.822400
78.217100 348.599200 76.007790 353.514700
79.076510 351.282300 76.869750 356.202800
79.788430 353.970700 77.579230 358.891200
80.289200 356.680100 78.079880 361.613100
80.544210 359.422600 78.338190 364.375900
80.553950 362.181700 78.342530 367.145200
80.325300 364.950100 78.107050 369.918500
79.948290 367.764600 77.746170 372.736700
79.552930 370.623900 77.355590 375.620900
79.189870 373.576200 76.994190 378.600900
78.847720 376.617400 76.646570 381.660300
78.487220 379.779100 76.284870 384.845200
78.109220 383.024900 75.907840 388.130100
77.724340 386.331700 75.524750 391.475500
77.303670 389.673500 75.100060 394.849000
76.785710 392.998500 74.577660 398.185500
76.164260 396.307900 73.956720 401.520300
75.453110 399.563900 73.244670 404.804800
74.687820 402.778100 72.466140 408.044700
73.880590 405.959600 71.652010 411.252400
73.001560 409.140100 70.780610 414.456400
72.077030 412.325000 69.847370 417.677100
71.142260 415.518400 68.913300 420.897300
70.199490 418.732600 67.988910 424.139700
69.226500 421.954700 67.039280 427.398300
68.236100 425.167200 66.059670 430.631800
67.260820 428.363600 65.094740 433.866100
66.313240 431.552600 64.148570 437.095300
65.391740 434.718000 63.217060 440.296800
64.501670 437.856900 62.313480 443.475700
63.634920 440.951000 61.448320 446.605000
62.789470 444.005700 60.607010 449.694200
61.956690 447.015700 59.761630 452.726000
61.133480 449.961200 58.918420 455.700300
60.318620 452.867200 58.099790 458.638400
59.499520 455.718100 57.287880 461.514400
58.682170 458.529200 56.481920 464.364400
57.867160 461.298900 55.694390 467.164300
57.054660 464.035200 54.911330 469.930000
56.243590 466.731100 54.124100 472.648700
55.443060 469.359000 53.339360 475.295100
54.686220 471.907600 52.602880 477.855800
53.957650 474.335100 51.889970 480.300900
53.256730 476.667000 51.190670 482.649600
52.582380 478.963700 50.523290 484.971300
51.956500 481.261900 49.905200 487.289200
51.412610 483.574200 49.380190 489.638200
51.013880 485.899300 49.000860 491.983900
50.812910 488.248800 48.818570 494.349900
50.798080 490.609700 48.828020 496.721800
50.978710 492.984500 49.043950 499.117400
51.345270 495.367500 49.442610 501.523300
51.889050 497.738400 50.022390 503.937500
52.577300 500.130400 50.736500 506.327600
53.407230 502.515400 51.593630 508.720300
54.397040 504.884900 52.599360 511.092900
55.518570 507.215000 53.742320 513.429400
56.765020 509.509300 55.015110 515.727300
58.192020 511.730400 56.466830 517.950100
59.789040 513.824000 58.098560 520.048100
61.540430 515.752700 59.879300 521.975900
63.410000 517.523000 61.778450 523.765000
65.397890 519.217300 63.807100 525.459700
67.496690 520.814600 65.941030 527.045100
69.720640 522.307200 68.203130 528.532800
72.067650 523.642400 70.587320 529.852600
74.549290 524.809100 73.116810 531.005500
77.153850 525.815200 75.760420 531.987000
79.881990 526.633100 78.536280 532.792600
82.715440 527.211700 81.417990 533.361400
85.640790 527.586200 84.398400 533.710500
88.644290 527.748500 87.451650 533.854800
91.710620 527.693700 90.559980 533.770600
94.811790 527.411800 93.683500 533.457500
97.935300 526.886500 96.842710 532.888400
101.063100 526.157900 99.998170 532.128600
104.194600 525.225000 103.133200 531.169800
107.305700 524.079000 106.261600 529.988100
110.385400 522.743600 109.355500 528.612700
113.459600 521.282300 112.425600 527.115100
116.567100 519.769500 115.542200 525.565000
119.739300 518.237200 118.702800 523.986200
122.982300 516.640600 121.898400 522.363000
126.165500 515.061000 125.144000 520.696300
129.459200 513.419400 128.459600 518.998600
132.785400 511.739500 131.790200 517.269400
136.164500 510.030300 135.186000 515.512900
139.600200 508.311400 138.643200 513.743300
143.109700 506.548700 142.169600 511.918200
146.672500 504.761300 145.745600 510.077800
150.295000 502.937800 149.368100 508.191900
153.967100 501.081900 153.050500 506.263200
157.696200 499.214100 156.796100 504.315500
161.457700 497.333800 160.571900 502.353500
165.216700 495.416600 164.343200 500.355700
168.984800 493.501000 168.131000 498.368600
172.746400 491.586700 171.910200 496.382100
176.518000 489.688800 175.676300 494.407100
180.295200 487.819900 179.465300 492.453900
184.036700 485.970500 183.227000 490.533400
187.779200 484.135700 186.977100 488.625000
191.500200 482.306500 190.688200 486.735300
195.180200 480.469600 194.367700 484.827500
198.815300 478.621300 197.997700 482.911400
202.393600 476.753100 201.578400 480.971800
205.912000 474.880400 205.100600 479.043200
209.296500 473.041000 208.474500 477.149200
212.515400 471.274700 211.685900 475.332900
215.580600 469.586600 214.740600 473.595000
218.489200 468.019000 217.636000 471.980200
221.328300 466.599200 220.468900 470.514900
224.156800 465.368500 223.288600 469.247000
226.991800 464.316200 226.134400 468.155800
229.883500 463.424700 229.051400 467.228300
232.820800 462.731300 232.034300 466.490200
235.780100 462.243300 235.034600 465.940600
238.782200 461.945800 238.077100 465.599700
241.848400 461.905600 241.166700 465.497800
244.967900 462.147500 244.277900 465.690400
248.086200 462.682300 247.407100 466.178200
251.186900 463.495800 250.518800 466.935800
254.278000 464.580100 253.619000 467.954400
257.287900 465.915200 256.632700 469.264400
260.242000 467.523100 259.612200 470.828700
263.106900 469.351100 262.499200 472.627200
265.866100 471.381400 265.309700 474.640700
268.559300 473.556000 268.073600 476.803000
271.204400 475.840000 270.781800 479.077400
273.819900 478.206700 273.430400 481.420400
276.385100 480.590800 276.054800 483.788100
278.915500 482.977100 278.618200 486.156200
281.390900 485.346800 281.171500 488.498400
283.809500 487.633100 283.655200 490.779100
286.165500 489.759700 286.075400 492.906200
288.479300 491.699500 288.440300 494.820800
290.753400 493.425200 290.762800 496.526600
292.943900 494.909400 292.995500 498.011500
295.050000 496.208200 295.125600 499.293600
297.157600 497.295500 297.255200 500.349000
299.275300 498.080400 299.395100 501.101800
301.409300 498.552800 301.579900 501.596300
303.638500 498.806300 303.820200 501.816700
305.825500 498.755800 306.037400 501.741200
307.969500 498.413400 308.216200 501.378200
310.082700 497.866400 310.371900 500.824600
312.168500 497.169500 312.487100 500.129500
314.242500 496.345000 314.612700 499.311300
316.287200 495.404000 316.702400 498.370600
318.242200 494.293900 318.695200 497.251900
320.067800 492.959300 320.565200 495.900000
321.691800 491.422900 322.216700 494.350600
323.027900 489.679600 323.624500 492.626100
324.128000 487.907400 324.757600 490.825300
325.083100 486.074100 325.704200 488.948000
325.901600 484.156200 326.488300 486.989000
326.541500 482.161200 327.113000 484.960800
326.975000 480.110600 327.528400 482.880200
327.199900 477.981300 327.725000 480.732400
327.207600 475.816100 327.710800 478.566000
326.987100 473.574900 327.476900 476.337600
326.612600 471.312500 327.076600 474.043700
326.101700 468.984300 326.557000 471.705800
325.485000 466.584700 325.914600 469.289300
324.770900 464.117300 325.187900 466.819700
324.015300 461.568800 324.416700 464.269700
323.241500 458.937100 323.598900 461.620900
322.428100 456.221600 322.767400 458.911000
321.582200 453.438700 321.878400 456.112600
320.700500 450.590200 320.958700 453.253300
319.803300 447.709400 320.009600 450.349800
318.882300 444.812700 319.053500 447.472000
317.933600 441.902000 318.065300 444.574200
317.026500 438.982700 317.123200 441.669100
316.159500 436.052700 316.210900 438.743800
315.357400 433.104800 315.358600 435.799700
314.633500 430.138600 314.565600 432.816300
314.023700 427.174800 313.897200 429.836700
313.546100 424.188800 313.378100 426.838100
313.186000 421.191700 312.965300 423.833700
312.967300 418.184200 312.699900 420.820300
312.864500 415.179900 312.541700 417.805400
312.872600 412.155500 312.498200 414.772000
312.990400 409.162100 312.560600 411.745500
313.203500 406.159400 312.737000 408.726000
313.520300 403.163500 313.014900 405.715000
313.923800 400.189100 313.369000 402.718800
314.410500 397.252500 313.820700 399.751900
314.957200 394.350700 314.323500 396.829000
315.563700 391.486400 314.893800 393.930600
316.210700 388.682600 315.508100 391.101000
316.875600 385.969600 316.158600 388.385100
317.575400 383.411700 316.825400 385.828600
318.278300 381.082600 317.516400 383.480900
318.940600 378.964700 318.166900 381.356500
319.536100 376.960800 318.774800 379.358600
320.051600 374.976800 319.305300 377.402100
320.455200 373.030400 319.713400 375.456400
320.667900 371.083600 319.923600 373.512300
320.639300 369.178900 319.904800 371.609300
320.367200 367.308200 319.648400 369.743400
319.812200 365.451900 319.117400 367.896100
318.977600 363.612500 318.345200 366.090900
317.917200 361.899400 317.286400 364.384900
316.653200 360.259800 316.025900 362.761800
315.183100 358.649300 314.578300 361.182000
313.573000 357.006500 312.984100 359.577400
311.803000 355.325900 311.214300 357.932000
309.911600 353.572300 309.321900 356.201700
307.954100 351.681100 307.370300 354.327000
305.918800 349.709900 305.334300 352.368000
303.815100 347.660800 303.231500 350.327300
301.671400 345.530600 301.077900 348.222700
299.493500 343.321800 298.873300 346.027100
297.311600 341.063800 296.650700 343.786200
295.144200 338.750800 294.439300 341.487100
293.010900 336.383800 292.263200 339.140800
290.937000 333.945100 290.155800 336.732900
288.991700 331.405200 288.168200 334.211800
287.170900 328.759000 286.296300 331.585800
285.462000 326.045600 284.499200 328.876900
283.830800 323.246400 282.806200 326.086700
282.268800 320.363300 281.188900 323.212500
280.755300 317.391500 279.617800 320.264500
279.273700 314.371200 278.070300 317.250300
277.774600 311.308900 276.522500 314.193100
276.264200 308.193000 274.956200 311.070400
274.757100 305.022400 273.402400 307.911700
273.207400 301.793600 271.815600 304.680200
271.619600 298.531900 270.209200 301.419800
270.024400 295.205700 268.586000 298.089000
268.363800 291.836000 266.895400 294.736800
266.611600 288.477200 265.103200 291.404600
264.727500 285.132100 263.181500 288.102000
262.759200 281.800100 261.147600 284.793500
260.701700 278.471600 259.038500 281.512300
258.620500 275.176300 256.896200 278.243700
256.506400 271.837700 254.724700 274.962600
254.344100 268.488000 252.514500 271.640100
252.173900 265.097000 250.287800 268.288200
249.944700 261.678700 247.996200 264.914000
247.696800 258.253900 245.682400 261.520800
245.448300 254.808000 243.330900 258.099000
243.193400 251.334600 240.966100 254.637800
240.896500 247.824500 238.588700 251.156200
238.556700 244.277400 236.198700 247.657800
236.174700 240.690700 233.777400 244.136100
233.763000 237.091500 231.322400 240.585800
231.332800 233.457600 228.852500 237.011800
228.838300 229.808000 226.343100 233.447200
226.342900 226.169100 223.806000 229.881800
223.818800 222.533800 221.237700 226.296100
221.285700 218.901400 218.653000 222.702200
218.752300 215.265000 216.051900 219.130900
216.249600 211.634900 213.480900 215.536800
213.762100 207.997700 210.949900 211.952300
211.316800 204.351400 208.444000 208.347300
208.893800 200.676600 205.954500 204.713900
206.508300 196.989800 203.487300 201.087500
204.177700 193.291200 201.066300 197.429300
201.927600 189.547700 198.743100 193.718300
199.739900 185.759300 196.487700 189.965400
197.634000 181.950500 194.313200 186.186100
195.568100 178.118500 192.177800 182.377200
193.561400 174.281900 190.086900 178.561000
191.624100 170.408300 188.031900 174.706700
189.716900 166.527700 185.994800 170.844800
187.815500 162.621800 183.996500 166.978500
185.959300 158.681600 182.022900 163.073000
184.094000 154.737900 180.042000 159.156300
182.239600 150.794500 178.072500 155.243600
180.398400 146.846200 176.136900 151.321700
178.592100 142.900000 174.217400 147.411500
176.795000 138.933400 172.300900 143.487600
174.974500 134.967700 170.390300 139.580500
173.137100 131.051800 168.432000 135.680100
171.221700 127.194200 166.391900 131.850000
169.204100 123.403700 164.245600 128.090800
167.059300 119.698200 161.978700 124.425600
164.778800 116.075700 159.603600 120.854700
162.368900 112.524900 157.096100 117.398300
159.842700 109.067300 154.465100 114.021100
157.243500 105.701500 151.753600 110.727600
154.586000 102.373400 148.968000 107.474400
151.852400 99.075390 146.118900 104.257200
149.065100 95.812170 143.227700 101.063400
146.211000 92.589950 140.245800 97.875060
143.290400 89.438890 137.210300 94.780700
140.313900 86.318510 134.093900 91.720380
137.315300 83.188540 130.982500 88.692600
134.309400 80.022690 127.868500 85.622370
131.293700 76.854850 124.746400 82.562180
128.257000 73.680270 121.593500 79.475120
125.224000 70.510050 118.460200 76.389080
122.171600 67.325860 115.296200 73.292100
119.104200 64.151150 112.087000 70.196010
116.003700 60.986180 108.857100 67.127890
112.861400 57.817240 105.584700 64.064600
109.667300 54.647940 102.312900 61.042270
106.494700 51.468900 99.032450 57.986530
103.294400 48.292970 95.719170 54.931580
100.126400 45.132480 92.409320 51.862500
96.950460 41.977160 89.094230 48.805090
93.739320 38.803750 85.777490 45.750030
90.567830 35.632100 82.470490 42.673510
87.415790 32.458970 79.191960 39.595560
84.260040 29.295850 75.924260 36.553720
81.123540 26.129440 72.697280 33.511980
77.992680 22.957970 69.439230 30.433470
74.890600 19.774830 66.206170 27.340890
71.780370 16.590360 62.961120 24.239030
68.630430 13.396510 59.707780 21.142950
65.471800 10.205970 56.461420 18.046390
62.314330 7.007367 53.243510 14.962860
59.206170 3.808043 50.062160 11.859970
56.091860 0.584754 46.873860 8.776172
53.008120 -2.625659 43.709070 5.729634
49.955730 -5.822352 40.517060 2.654290
46.935070 -9.021045 37.379870 -0.401612
43.893000 -12.216550 34.269330 -3.425629
40.929340 -15.293680 31.242900 -6.365531
38.089530 -18.317430 28.263590 -9.285072
35.418750 -21.291630 25.458270 -12.154630
32.866820 -24.157290 22.771650 -14.905560
30.511610 -26.943030 20.271730 -17.570580
28.282770 -29.552800 17.951550 -20.097850
26.270910 -31.981160 15.830190 -22.428120
24.406470 -34.119140 13.853220 -24.492720
22.621160 -35.934900 12.019160 -26.242040
20.883450 -37.415600 10.232290 -27.645960
19.174900 -38.513760 8.483114 -28.702660
17.516050 -39.260550 6.782700 -29.386830
15.838890 -39.714580 5.076250 -29.792350
14.191360 -39.829780 3.398498 -29.856100
12.634270 -39.672360 1.856416 -29.663410
11.172310 -39.260550 0.395551 -29.188090
9.789695 -38.629800 -0.955986 -28.501180
8.497673 -37.738490 -2.206410 -27.559250
7.308945 -36.616890 -3.348668 -26.380100
6.256320 -35.282630 -4.308173 -24.992940
5.377697 -33.729560 -5.094992 -23.382530
4.666734 -31.994970 -5.718478 -21.602930
4.118069 -30.087400 -6.205915 -19.676630
3.675026 -28.058910 -6.569611 -17.639280
3.306982 -25.913550 -6.868131 -15.478200
2.950683 -23.671670 -7.158425 -13.193140
2.589654 -21.354230 -7.451782 -10.850230
2.235350 -18.941910 -7.761741 -8.388618
1.883217 -16.438970 -8.040781 -5.853466
1.539703 -13.883430 -8.309001 -3.263556
1.229057 -11.374200 -8.561043 -0.729683
0.914029 -8.934948 -8.828117 1.756000
0.572467 -6.591425 -9.096178 4.113973
0.172462 -4.328516 -9.386897 6.406714
-0.233814 -2.148095 -9.682763 8.621444
-0.652500 -0.027237 -9.998197 10.783930
-1.128803 2.027763 -10.346570 12.868720
-1.682534 4.091749 -10.761200 14.975590
-2.326851 6.156888 -11.258720 17.097880
-3.006582 8.222648 -11.830400 19.225480
