0.000000 0.000000 0.000000 0.000000
0.059875 0.430540 0.027090 0.423716
0.240194 0.981257 0.208094 0.984555
0.531827 1.620036 0.519613 1.648343
0.999102 2.286905 0.988319 2.321911
1.634196 2.948016 1.611994 2.983913
2.465897 3.579897 2.450946 3.618141
3.507611 4.202254 3.499175 4.255958
4.794196 4.791823 4.789541 4.849132
6.329744 5.330723 6.330221 5.405493
8.109243 5.878028 8.104538 5.948437
10.112010 6.449695 10.111340 6.541327
12.311460 7.000760 12.323080 7.112094
14.649940 7.512325 14.670710 7.644007
17.045990 7.933466 17.070980 8.081481
19.495760 8.228210 19.535840 8.390574
21.992720 8.306307 22.069080 8.469799
24.504830 8.124873 24.608660 8.292089
26.991550 7.679836 27.152820 7.843514
29.438030 6.997717 29.640210 7.164424
31.783040 6.157692 32.011060 6.330121
34.061480 5.135804 34.300330 5.309823
36.249090 3.963231 36.517860 4.148324
38.339410 2.756405 38.623210 2.963433
40.387000 1.476584 40.717230 1.677445
42.507450 0.121543 42.870780 0.328567
44.798470 -1.255569 45.209310 -1.031041
47.253440 -2.652713 47.715170 -2.421483
49.829130 -4.119797 50.335390 -3.873855
52.496600 -5.654198 53.027290 -5.405150
55.197500 -7.201418 55.743010 -6.927292
57.889050 -8.733355 58.470690 -8.461523
60.568300 -10.237180 61.160450 -9.951542
63.209030 -11.720560 63.824830 -11.422070
65.794730 -13.245590 66.471240 -12.943650
68.306160 -14.789450 69.022230 -14.473720
70.774870 -16.359280 71.523620 -16.027750
73.207180 -17.930420 73.996950 -17.592880
75.585180 -19.500110 76.420730 -19.174850
77.976200 -21.045650 78.849550 -20.729200
80.359750 -22.550030 81.301990 -22.233760
82.721600 -24.045560 83.708630 -23.721130
85.130890 -25.457240 86.153760 -25.122470
87.583520 -26.763470 88.654500 -26.409600
90.052030 -27.962520 91.169810 -27.587540
92.567280 -29.055560 93.755330 -28.652350
95.091560 -30.042180 96.338660 -29.623770
97.627970 -30.999950 98.918150 -30.574410
100.184800 -31.914080 101.527100 -31.483460
102.738700 -32.746220 104.126100 -32.299980
105.306500 -33.553570 106.756000 -33.088120
107.889600 -34.298460 109.371000 -33.806790
110.487000 -34.993230 111.979700 -34.467330
113.094500 -35.631080 114.611200 -35.074920
115.714700 -36.218190 117.242800 -35.630910
118.336800 -36.794500 119.880400 -36.181520
120.956100 -37.311260 122.537600 -36.669750
123.575400 -37.808670 125.178800 -37.143340
126.178100 -38.305940 127.789500 -37.596290
128.749000 -38.789160 130.381900 -38.036790
131.294400 -39.254810 132.932800 -38.458170
133.800300 -39.697620 135.485800 -38.870590
136.267300 -40.152820 137.988100 -39.278030
138.705700 -40.571180 140.456100 -39.671910
141.108200 -40.918610 142.907600 -39.992240
143.486200 -41.184130 145.328200 -40.227460
145.827400 -41.344840 147.699100 -40.346060
148.116900 -41.390150 150.035800 -40.335460
150.394500 -41.337850 152.324700 -40.248750
152.640300 -41.243160 154.615700 -40.124940
154.896300 -41.171990 156.882700 -40.029140
157.139500 -41.129290 159.132200 -39.972560
159.364300 -41.123040 161.370200 -39.944250
161.541500 -41.143410 163.550900 -39.942660
163.691100 -41.184580 165.702400 -39.959520
165.794600 -41.169840 167.795400 -39.913000
167.853000 -41.036680 169.875200 -39.752030
169.861400 -40.814300 171.882900 -39.504040
171.785700 -40.498720 173.831800 -39.147140
173.656900 -40.100850 175.716700 -38.700090
175.466100 -39.643440 177.538400 -38.203600
177.238400 -39.176700 179.311400 -37.683060
179.051200 -38.637820 181.109200 -37.106970
180.842400 -38.130090 182.916800 -36.550190
182.654500 -37.585090 184.774200 -35.966210
184.499200 -36.994200 186.637300 -35.352060
186.326400 -36.336250 188.483600 -34.662660
188.179600 -35.586660 190.352800 -33.891010
190.033300 -34.744990 192.204800 -33.030640
191.950900 -33.866980 194.118500 -32.103840
193.922400 -32.984310 196.086400 -31.176670
195.981900 -32.091960 198.119800 -30.243520
198.044700 -31.179470 200.162400 -29.281710
200.096400 -30.282730 202.214700 -28.339750
202.149000 -29.377620 204.263900 -27.376200
204.205200 -28.490440 206.310800 -26.452590
206.280400 -27.683360 208.390200 -25.615750
208.395100 -26.949400 210.512400 -24.855420
210.511400 -26.248260 212.645300 -24.107550
212.653100 -25.542730 214.795900 -23.377870
214.826000 -24.841570 216.977700 -22.625380
217.025900 -24.115450 219.187700 -21.846150
219.237300 -23.317850 221.421100 -21.023240
221.445500 -22.466040 223.648200 -20.145710
223.667300 -21.584010 225.874800 -19.237560
225.887600 -20.687600 228.098700 -18.305350
228.072000 -19.761640 230.290700 -17.353400
230.220200 -18.813360 232.482900 -16.361240
232.380100 -17.819580 234.654300 -15.336440
234.567900 -16.817990 236.865300 -14.304880
236.713000 -15.809910 239.011400 -13.257030
238.851800 -14.765210 241.156700 -12.178560
241.017000 -13.683470 243.306400 -11.083680
243.189400 -12.578710 245.466200 -9.966974
245.303900 -11.468690 247.608700 -8.824042
247.468200 -10.349670 249.800600 -7.670309
249.645100 -9.231011 251.980700 -6.526323
251.806300 -8.090111 254.152100 -5.371168
253.960700 -6.938930 256.327300 -4.212096
256.101100 -5.755645 258.479400 -3.019996
258.215000 -4.543629 260.615200 -1.781218
260.307600 -3.272954 262.720200 -0.482241
262.344400 -1.883065 264.774300 0.937637
264.302700 -0.414263 266.749300 2.434578
266.252100 1.068534 268.720800 3.931867
268.265900 2.447327 270.761100 5.318700
270.324900 3.759467 272.849800 6.639527
272.419700 5.022290 274.970800 7.908072
274.560900 6.266911 277.150600 9.152073
276.693900 7.483336 279.312900 10.379680
278.872400 8.703796 281.537000 11.617640
281.097600 9.935075 283.794600 12.857380
283.337500 11.219770 286.046900 14.141830
285.578400 12.544850 288.315700 15.460540
287.831600 13.911530 290.584100 16.850820
290.088700 15.396350 292.850800 18.327370
292.311900 16.932960 295.088300 19.849650
294.493900 18.481610 297.316000 21.427240
296.720900 20.090920 299.549400 23.070950
298.978300 21.804860 301.752400 24.820530
301.361000 23.633810 303.929900 26.636000
303.645300 25.487530 306.095200 28.485360
305.870300 27.427630 308.245900 30.397890
308.019400 29.387000 310.360700 32.321970
310.140700 31.374480 312.468900 34.269330
312.194800 33.399420 314.537400 36.257450
314.189200 35.447230 316.541300 38.276260
316.138800 37.517350 318.519000 40.323730
318.049100 39.628100 320.455600 42.422740
319.943200 41.728570 322.381400 44.514330
321.828600 43.822610 324.309600 46.607010
323.748400 45.934260 326.280900 48.717510
325.706500 48.018020 328.277500 50.813650
327.739600 50.080930 330.322800 52.877440
329.840400 52.117880 332.465400 54.916060
331.997600 54.088750 334.646700 56.883820
334.230000 56.046050 336.901600 58.830130
336.499800 57.995180 339.198700 60.782370
338.816900 59.925620 341.530800 62.720090
341.178100 61.833440 343.902900 64.624920
343.554900 63.722300 346.292000 66.521070
345.957800 65.576790 348.721200 68.387720
348.386500 67.418200 351.159200 70.238580
350.801500 69.229240 353.577600 72.076630
353.254100 71.038830 356.017300 73.917210
355.698600 72.844900 358.488000 75.770740
358.141800 74.650950 360.940500 77.615040
360.583100 76.452920 363.386600 79.439240
363.026300 78.255900 365.855200 81.260190
365.452200 80.044720 368.311100 83.077440
367.845000 81.823410 370.756100 84.888970
370.166400 83.579750 373.116400 86.668210
372.393300 85.288160 375.364400 88.398760
374.497600 86.944540 377.475500 90.060420
376.478000 88.495560 379.454600 91.615030
378.371000 89.933730 381.341600 93.070790
380.183400 91.300940 383.152300 94.445630
381.933000 92.573690 384.889300 95.726010
383.660900 93.763590 386.616400 96.946030
385.476400 94.921870 388.430400 98.126150
387.358800 96.029350 390.316500 99.243570
389.297900 97.086300 392.260600 100.309800
391.333900 98.175050 394.305900 101.402300
393.414000 99.266980 396.389800 102.491100
395.549800 100.322500 398.532700 103.539300
397.704500 101.322500 400.684400 104.545100
399.824200 102.279600 402.805300 105.499400
401.916600 103.140900 404.902300 106.353800
403.950600 103.902700 406.944200 107.104700
405.959700 104.590800 408.962000 107.779900
408.011000 105.108200 411.025100 108.293700
410.135100 105.485400 413.163000 108.668000
412.361000 105.790800 415.400200 108.960600
414.624700 106.058600 417.704100 109.226000
416.897400 106.297800 419.986700 109.466900
419.163900 106.506600 422.292900 109.663900
421.493300 106.727000 424.624300 109.875900
423.737200 106.947800 426.892500 110.097600
425.977100 107.191600 429.129700 110.328800
428.102800 107.420100 431.246100 110.547700
430.149200 107.670800 433.281200 110.775700
432.117500 107.907600 435.245800 110.987500
434.025800 108.008100 437.157300 111.056200
435.758200 108.009100 438.895600 111.018800
437.299000 107.930500 440.450900 110.898000
438.581000 107.769400 441.742800 110.705400
439.666200 107.607000 442.838800 110.529800
440.608900 107.409000 443.768600 110.326400
441.398700 107.289400 444.552700 110.187600
441.992900 107.179100 445.143000 110.060600
442.448600 107.110700 445.592900 109.963100
442.905900 107.038600 446.041400 109.859400
443.346800 107.014100 446.480600 109.800200
443.836000 106.989300 446.957500 109.745900
444.473000 106.989500 447.600000 109.711900
445.205500 106.946300 448.337400 109.635100
446.012900 106.953300 449.144500 109.610200
446.902800 107.033600 450.024200 109.659900
447.889800 107.210000 451.006200 109.803000
448.987400 107.446500 452.104200 110.007400
450.189500 107.822200 453.304400 110.336400
451.491100 108.402100 454.638300 110.778500
452.928900 109.084800 456.108100 111.349100
454.502200 109.798100 457.693700 112.035100
456.158200 110.666600 459.365900 112.890000
457.971900 111.646100 461.154100 113.876500
459.877400 112.735800 463.041100 114.968400
461.883200 113.914900 465.033900 116.140000
463.988700 115.182000 467.133600 117.393600
466.175500 116.517700 469.327700 118.707200
468.435400 117.924700 471.583000 120.081400
470.781100 119.404400 473.943200 121.537400
473.219400 120.926800 476.391500 123.032200
475.743400 122.510800 478.930600 124.584500
478.344300 124.160400 481.541400 126.202600
480.992000 125.864000 484.223800 127.880800
483.679900 127.592900 486.971100 129.572600
486.447600 129.273600 489.804900 131.213700
489.320000 130.826500 492.758800 132.722200
492.282900 132.213200 495.801700 134.063100
495.358000 133.438200 498.945200 135.207300
498.513800 134.409800 502.144200 136.110000
501.751100 135.064200 505.436600 136.728000
505.042300 135.427700 508.770400 137.039400
508.395000 135.556900 512.135400 137.134800
511.770400 135.475700 515.549700 137.015000
515.185000 135.299200 518.947800 136.771400
518.623000 135.097900 522.378500 136.527300
522.144800 134.847000 525.906200 136.214900
525.734400 134.578800 529.507800 135.901400
529.399100 134.293800 533.169500 135.562500
533.133700 134.010400 536.902800 135.240300
536.936600 133.686300 540.712000 134.858700
540.806000 133.326000 544.592400 134.453700
544.802000 132.892300 548.549100 133.989600
548.848400 132.415900 552.567200 133.475300
552.948000 131.900800 556.658100 132.915300
557.104100 131.327900 560.803800 132.284300
561.317500 130.706600 565.020900 131.601000
565.599800 130.051200 569.316200 130.890900
569.941500 129.367300 573.660700 130.152800
574.351700 128.666500 578.053900 129.396300
578.779700 127.953800 582.493100 128.612100
583.237100 127.258900 586.947700 127.812700
587.713000 126.567300 591.407900 127.017600
592.202000 125.884700 595.880500 126.235700
596.683800 125.215200 600.359700 125.483100
601.149700 124.558400 604.837200 124.745700
605.601500 123.870200 609.320400 123.982600
610.038700 123.194200 613.770400 123.245500
614.483600 122.547100 618.215600 122.531200
618.926400 121.903400 622.651900 121.820800
623.350300 121.254400 627.082600 121.087300
627.741900 120.615400 631.467200 120.385000
632.071600 120.016600 635.777000 119.728600
636.318800 119.412600 640.028100 119.066700
640.484000 118.825100 644.194900 118.421100
644.497600 118.256100 648.221600 117.793000
648.278400 117.698400 652.021100 117.190000
651.817400 117.176000 655.561100 116.624300
655.064500 116.712400 658.817100 116.123100
657.980700 116.314200 661.728300 115.685000
660.526400 115.964600 664.268100 115.315600
662.701100 115.630800 666.439400 114.965000
664.544000 115.185100 668.300800 114.494400
666.220700 114.557800 669.965000 113.811200
667.731400 113.722400 671.420600 112.908900
668.815500 112.652100 672.596900 111.780700
669.721700 111.420600 673.456100 110.500800
670.375000 110.040000 674.075100 109.103700
670.743500 108.532100 674.398500 107.578200
670.853700 106.905800 674.433100 105.945500
670.479600 105.203700 674.132100 104.240100
669.886200 103.505000 673.485800 102.543100
668.934000 101.811700 672.500900 100.880200
667.713400 100.128500 671.246900 99.223210
666.284600 98.431790 669.808500 97.545090
664.691900 96.730170 668.207100 95.860340
662.951100 95.069520 666.450800 94.215260
661.045400 93.515090 664.540000 92.679660
658.978100 92.108080 662.456500 91.305590
656.784000 90.796840 660.236100 90.038520
654.501500 89.445100 657.944600 88.761100
652.178300 88.060580 655.582600 87.423030
649.787300 86.622730 653.149200 86.004570
647.361600 85.108610 650.654400 84.508000
644.842400 83.549870 648.074200 82.967780
642.252000 81.948280 645.424400 81.388670
639.681300 80.324390 642.820700 79.800820
637.149300 78.658370 640.271100 78.182610
634.666500 76.993840 637.743800 76.557960
632.251900 75.355150 635.265900 74.957070
629.879500 73.738570 632.860600 73.403890
627.590500 72.163550 630.525900 71.883640
625.387200 70.610050 628.287300 70.392550
623.318500 69.115660 626.211000 68.969130
621.410500 67.709240 624.279700 67.629960
619.670100 66.436970 622.517700 66.420660
618.153900 65.289110 620.996100 65.333690
616.867100 64.327580 619.696300 64.423910
615.819600 63.530860 618.636900 63.659020
614.973800 62.932120 617.780400 63.063390
614.330800 62.461620 617.124000 62.572560
613.811100 62.069300 616.577700 62.174620
613.313200 61.694250 616.061700 61.803900
612.830400 61.322490 615.555900 61.423160
612.348000 60.956790 615.053000 61.059680
611.900500 60.618970 614.564500 60.711780
611.476100 60.298910 614.112700 60.380330
611.109300 60.011850 613.733300 60.094830
610.766100 59.758400 613.372900 59.846000
610.434000 59.483890 613.012500 59.584610
610.127300 59.236310 612.690700 59.356990
609.810600 58.983200 612.353600 59.120310
609.426900 58.683240 611.948400 58.835090
608.885000 58.245010 611.378400 58.412340
608.141400 57.643250 610.622800 57.835430
607.226200 56.864850 609.707700 57.099770
606.175100 55.922830 608.649600 56.189660
604.988800 54.815760 607.455600 55.132480
603.721000 53.539790 606.166700 53.891280
602.357600 52.129810 604.786800 52.509050
600.872200 50.598950 603.272500 51.021860
599.313100 48.940800 601.680900 49.398940
597.636500 47.153860 599.943800 47.655030
595.881100 45.248230 598.118700 45.801720
594.057800 43.236600 596.232200 43.853480
592.228600 41.166150 594.341400 41.835000
590.416500 39.097260 592.468300 39.808660
588.589700 37.035950 590.580400 37.783440
586.727400 34.953000 588.648000 35.756720
584.835300 32.869090 586.693700 33.732570
582.909900 30.778460 584.705400 31.701650
580.956400 28.682870 582.698800 29.679150
578.981900 26.559660 580.674100 27.616310
576.989600 24.412110 578.626200 25.532340
575.013400 22.261790 576.583700 23.429160
573.061000 20.092300 574.555700 21.311510
571.135300 17.941960 572.567700 19.217210
569.253000 15.812370 570.608800 17.133680
567.402800 13.684550 568.694900 15.057420
565.597000 11.594760 566.831700 13.024780
563.776800 9.568871 564.954500 11.059920
562.016200 7.610878 563.138800 9.153644
560.357800 5.761759 561.424900 7.356693
558.790600 4.059161 559.815000 5.688013
557.388800 2.556647 558.350700 4.206555
556.166300 1.224300 557.075000 2.882644
555.086800 0.038120 555.929800 1.692963
554.091900 -1.065239 554.889200 0.602298
553.156200 -2.093206 553.914400 -0.418912
552.265400 -3.039119 552.978100 -1.350000
551.446200 -3.918816 552.128100 -2.202156
550.714900 -4.709150 551.362600 -2.972598
550.055400 -5.411455 550.657800 -3.675648
549.472200 -6.063502 550.043800 -4.330864
548.991400 -6.627882 549.536900 -4.893620
548.582100 -7.090666 549.116400 -5.342496
548.257600 -7.479973 548.772600 -5.723145
547.987500 -7.803179 548.477800 -6.036965
547.768900 -8.070234 548.234000 -6.292111
547.592600 -8.293718 548.049800 -6.522370
547.438700 -8.468806 547.864800 -6.703570
547.312300 -8.609266 547.728200 -6.846380
547.212800 -8.727030 547.614000 -6.968951
547.137900 -8.816118 547.517000 -7.074477
547.093000 -8.878200 547.446300 -7.149073
547.069500 -8.915003 547.399400 -7.199276
547.040300 -8.948208 547.376700 -7.237347
546.977500 -9.002351 547.325600 -7.292962
546.906300 -9.075048 547.252600 -7.376859
546.823300 -9.175395 547.158100 -7.476961
546.717900 -9.307750 547.033200 -7.621939
546.577700 -9.471357 546.889900 -7.771282
546.411500 -9.667371 546.705500 -7.959971
546.222400 -9.896104 546.503900 -8.186669
546.013600 -10.141830 546.272100 -8.426390
545.783400 -10.398320 546.017800 -8.681982
545.569500 -10.646660 545.782200 -8.935154
545.387700 -10.868510 545.578800 -9.151557
545.242600 -11.049650 545.413000 -9.331246
