0 0.000227 0.006477 100.000000 12.195122
0 0.000129 0.009927 200.000000 15.384615
0 0.000111 0.012934 300.000000 17.543859
0 0.000097 0.015705 400.000000 19.138756
0 0.000094 0.018248 500.000000 20.325203
0 0.000096 0.021539 600.000000 21.126760
0 0.000109 0.026488 700.000000 21.806854
0 0.000122 0.032921 800.000000 22.284122
10 0.000194 0.009094 100.000000 12.987013
10 0.000124 0.012914 200.000000 16.129032
10 0.000114 0.016421 300.000000 18.181818
10 0.000100 0.019593 400.000000 19.704433
10 0.000097 0.022310 500.000000 20.833334
10 0.000103 0.025880 600.000000 21.582733
10 0.000113 0.031114 700.000000 22.222221
10 0.000130 0.037854 800.000000 22.662889
20 0.000184 0.010851 100.000000 13.888889
20 0.000123 0.014538 200.000000 16.949152
20 0.000119 0.018260 300.000000 18.867924
20 0.000098 0.021806 400.000000 20.304569
20 0.000102 0.024468 500.000000 21.367521
20 0.000106 0.028215 600.000000 22.140221
20 0.000117 0.033918 700.000000 22.653721
20 0.000136 0.040593 800.000000 23.121387
30 0.000164 0.012098 100.000000 14.925373
30 0.000126 0.016089 200.000000 17.857143
30 0.000122 0.020313 300.000000 19.607843
30 0.000104 0.023924 400.000000 21.052631
30 0.000104 0.027095 500.000000 22.026432
30 0.000112 0.031555 600.000000 22.641510
30 0.000121 0.037259 700.000000 23.178808
30 0.000141 0.044557 800.000000 23.529411
40 0.000156 0.012014 100.000000 16.129032
40 0.000128 0.015552 200.000000 18.867924
40 0.000118 0.019924 300.000000 20.408163
40 0.000102 0.023618 400.000000 21.739130
40 0.000107 0.026822 500.000000 22.624434
40 0.000113 0.031633 600.000000 23.166023
40 0.000123 0.037535 700.000000 23.648649
40 0.000143 0.045057 800.000000 23.952095
50 0.000129 0.011003 100.000000 17.241379
50 0.000111 0.013918 200.000000 19.801981
50 0.000110 0.017877 300.000000 21.276596
50 0.000100 0.021792 400.000000 22.471910
50 0.000103 0.025428 500.000000 23.148148
50 0.000111 0.030336 600.000000 23.715416
50 0.000124 0.036782 700.000000 24.054983
50 0.000145 0.044623 800.000000 24.316109
60 0.000121 0.010354 100.000000 18.518518
60 0.000111 0.013292 200.000000 20.618557
60 0.000102 0.017174 300.000000 21.897810
60 0.000098 0.021172 400.000000 22.988506
60 0.000101 0.024639 500.000000 23.696682
60 0.000115 0.030129 600.000000 24.096386
60 0.000127 0.036460 700.000000 24.475525
60 0.000147 0.044592 800.000000 24.691359
70 0.000130 0.010475 100.000000 19.230770
70 0.000110 0.013663 200.000000 21.276596
70 0.000103 0.017278 300.000000 22.556391
70 0.000096 0.021221 400.000000 23.529411
70 0.000103 0.024849 500.000000 24.154589
70 0.000116 0.030574 600.000000 24.489796
70 0.000131 0.037174 700.000000 24.822695
70 0.000150 0.045565 800.000000 25.000000
80 0.000112 0.010181 100.000000 20.408163
80 0.000112 0.013628 200.000000 21.978022
80 0.000099 0.017192 300.000000 23.255814
80 0.000095 0.020737 400.000000 24.096386
80 0.000103 0.024753 500.000000 24.509804
80 0.000121 0.030427 600.000000 24.896265
80 0.000136 0.037595 700.000000 25.089605
80 0.000151 0.045897 800.000000 25.316456
90 0.000104 0.009002 100.000000 21.276596
90 0.000111 0.012445 200.000000 22.471910
90 0.000096 0.015833 300.000000 23.809525
90 0.000098 0.019260 400.000000 24.539877
90 0.000105 0.023710 500.000000 24.875622
90 0.000119 0.029684 600.000000 25.210085
90 0.000140 0.037200 700.000000 25.362318
90 0.000152 0.046175 800.000000 25.477707
100 0.000104 0.008981 100.000000 21.739130
100 0.000103 0.011720 200.000000 23.255814
100 0.000086 0.014983 300.000000 24.390244
100 0.000096 0.018174 400.000000 24.844721
100 0.000105 0.022806 500.000000 25.252525
100 0.000120 0.029290 600.000000 25.423729
100 0.000144 0.037230 700.000000 25.547445
100 0.000155 0.046029 800.000000 25.723473
110 0.000093 0.009587 100.000000 22.222221
110 0.000094 0.011538 200.000000 23.809525
110 0.000092 0.014786 300.000000 24.793388
110 0.000096 0.017929 400.000000 25.157232
110 0.000108 0.023057 500.000000 25.510204
110 0.000125 0.029853 600.000000 25.641026
110 0.000150 0.037898 700.000000 25.830257
110 0.000158 0.047345 800.000000 25.889967
120 0.000091 0.009865 100.000000 22.727272
120 0.000091 0.010965 200.000000 24.096386
120 0.000088 0.013773 300.000000 25.210085
120 0.000096 0.016997 400.000000 25.477707
120 0.000111 0.022505 500.000000 25.773195
120 0.000131 0.029641 600.000000 25.862068
120 0.000153 0.038454 700.000000 25.925926
120 0.000160 0.048172 800.000000 25.974026
130 0.000104 0.008250 100.000000 23.255814
130 0.000087 0.009915 200.000000 24.691359
130 0.000089 0.012977 300.000000 25.423729
130 0.000100 0.016854 400.000000 25.641026
130 0.000122 0.022940 500.000000 25.906736
130 0.000140 0.030578 600.000000 25.974026
130 0.000156 0.039412 700.000000 26.119404
130 0.000165 0.049322 800.000000 26.143791
140 0.000118 0.008446 100.000000 23.809525
140 0.000089 0.011078 200.000000 25.000000
140 0.000096 0.014012 300.000000 25.641026
140 0.000110 0.018478 400.000000 25.974026
140 0.000124 0.025176 500.000000 26.041666
140 0.000149 0.033384 600.000000 26.086956
140 0.000161 0.042592 700.000000 26.217228
140 0.000172 0.052761 800.000000 26.229507
150 0.000114 0.008633 100.000000 23.809525
150 0.000090 0.010662 200.000000 25.641026
150 0.000098 0.013292 300.000000 25.862068
150 0.000111 0.018408 400.000000 26.143791
150 0.000129 0.025500 500.000000 26.178011
150 0.000157 0.034279 600.000000 26.200872
150 0.000167 0.043765 700.000000 26.315790
150 0.000174 0.054281 800.000000 26.315790
160 0.000103 0.006530 100.000000 25.000000
160 0.000099 0.009332 200.000000 25.974026
160 0.000102 0.012458 300.000000 26.086956
160 0.000120 0.018275 400.000000 26.315790
160 0.000138 0.025790 500.000000 26.315790
160 0.000163 0.035075 600.000000 26.315790
160 0.000169 0.044833 700.000000 26.415094
160 0.000179 0.055655 800.000000 26.402639
170 0.000082 0.006111 100.000000 25.641026
170 0.000085 0.008416 200.000000 26.315790
170 0.000100 0.012013 300.000000 26.315790
170 0.000127 0.018698 400.000000 26.315790
170 0.000146 0.026438 500.000000 26.455027
170 0.000165 0.036242 600.000000 26.431719
170 0.000174 0.046685 700.000000 26.415094
170 0.000186 0.057335 800.000000 26.490067
180 0.000073 0.007791 100.000000 25.641026
180 0.000084 0.008620 200.000000 26.315790
180 0.000103 0.012383 300.000000 26.548672
180 0.000126 0.019381 400.000000 26.490067
180 0.000156 0.028149 500.000000 26.455027
180 0.000169 0.037967 600.000000 26.548672
180 0.000180 0.048689 700.000000 26.515152
180 0.000190 0.059978 800.000000 26.490067
190 0.000078 0.007538 100.000000 26.315790
190 0.000095 0.008526 200.000000 26.315790
190 0.000113 0.013559 300.000000 26.548672
190 0.000137 0.021136 400.000000 26.490067
190 0.000168 0.030629 500.000000 26.455027
190 0.000178 0.040758 600.000000 26.548672
190 0.000184 0.051848 700.000000 26.515152
190 0.000193 0.063122 800.000000 26.490067
200 0.000093 0.008982 100.000000 26.315790
200 0.000106 0.010375 200.000000 26.315790
200 0.000131 0.016465 300.000000 26.548672
200 0.000154 0.024572 400.000000 26.490067
200 0.000181 0.034705 500.000000 26.455027
200 0.000185 0.045629 600.000000 26.431719
200 0.000194 0.056567 700.000000 26.515152
200 0.000199 0.068395 800.000000 26.402639
210 0.000094 0.008396 100.000000 25.641026
210 0.000113 0.010095 200.000000 26.315790
210 0.000146 0.017332 300.000000 26.315790
210 0.000167 0.025874 400.000000 26.490067
210 0.000185 0.036590 500.000000 26.455027
210 0.000192 0.047767 600.000000 26.431719
210 0.000206 0.059513 700.000000 26.415094
210 0.000202 0.070785 800.000000 26.402639
220 0.000136 0.008952 100.000000 25.641026
220 0.000138 0.013100 200.000000 26.315790
220 0.000156 0.021059 300.000000 26.315790
220 0.000187 0.030953 400.000000 26.315790
220 0.000197 0.041624 500.000000 26.455027
220 0.000205 0.053098 600.000000 26.431719
220 0.000211 0.064896 700.000000 26.415094
220 0.000206 0.076626 800.000000 26.315790
230 0.000108 0.008706 100.000000 25.641026
230 0.000137 0.013691 200.000000 26.315790
230 0.000163 0.021938 300.000000 26.315790
230 0.000196 0.032543 400.000000 26.315790
230 0.000201 0.043393 500.000000 26.455027
230 0.000208 0.055119 600.000000 26.431719
230 0.000213 0.066830 700.000000 26.415094
230 0.000207 0.078370 800.000000 26.315790
240 0.000127 0.009491 100.000000 25.641026
240 0.000165 0.016538 200.000000 25.974026
240 0.000185 0.025277 300.000000 26.315790
240 0.000209 0.036346 400.000000 26.315790
240 0.000207 0.048003 500.000000 26.315790
240 0.000219 0.059470 600.000000 26.431719
240 0.000216 0.071659 700.000000 26.315790
240 0.000209 0.082853 800.000000 26.229507
250 0.000155 0.011703 100.000000 25.641026
250 0.000181 0.019663 200.000000 25.974026
250 0.000204 0.028916 300.000000 26.315790
250 0.000214 0.040470 400.000000 26.315790
250 0.000222 0.052235 500.000000 26.315790
250 0.000230 0.064382 600.000000 26.315790
250 0.000221 0.075745 700.000000 26.315790
250 0.000211 0.086547 800.000000 26.229507
260 0.000179 0.014187 100.000000 25.641026
260 0.000188 0.022036 200.000000 25.974026
260 0.000217 0.031799 300.000000 26.315790
260 0.000223 0.043411 400.000000 26.315790
260 0.000227 0.055246 500.000000 26.315790
260 0.000230 0.067159 600.000000 26.315790
260 0.000222 0.078332 700.000000 26.315790
260 0.000212 0.089238 800.000000 26.143791
270 0.000198 0.015422 100.000000 25.641026
270 0.000206 0.023224 200.000000 25.974026
270 0.000230 0.033672 300.000000 26.315790
270 0.000227 0.045357 400.000000 26.315790
270 0.000231 0.057396 500.000000 26.315790
270 0.000232 0.069214 600.000000 26.315790
270 0.000222 0.080655 700.000000 26.217228
270 0.000216 0.090789 800.000000 26.143791
280 0.000214 0.015813 100.000000 25.641026
280 0.000224 0.024692 200.000000 25.974026
280 0.000239 0.035618 300.000000 26.315790
280 0.000232 0.047560 400.000000 26.315790
280 0.000244 0.059858 500.000000 26.315790
280 0.000233 0.071501 600.000000 26.315790
280 0.000221 0.082587 700.000000 26.217228
280 0.000219 0.093252 800.000000 26.058632
290 0.000205 0.016002 100.000000 25.641026
290 0.000240 0.025516 200.000000 25.974026
290 0.000236 0.036734 300.000000 26.315790
290 0.000242 0.048675 400.000000 26.315790
290 0.000246 0.060930 500.000000 26.315790
290 0.000233 0.072862 600.000000 26.200872
290 0.000219 0.083394 700.000000 26.119404
290 0.000217 0.093466 800.000000 26.058632
300 0.000188 0.014198 100.000000 25.641026
300 0.000243 0.024869 200.000000 25.974026
300 0.000240 0.036235 300.000000 26.315790
300 0.000239 0.048398 400.000000 26.315790
300 0.000241 0.060505 500.000000 26.315790
300 0.000230 0.072294 600.000000 26.200872
300 0.000217 0.082501 700.000000 26.119404
300 0.000217 0.092696 800.000000 26.058632
310 0.000211 0.015070 100.000000 25.641026
310 0.000253 0.026044 200.000000 25.974026
310 0.000242 0.037895 300.000000 26.086956
310 0.000241 0.049477 400.000000 26.315790
310 0.000237 0.061975 500.000000 26.178011
310 0.000225 0.072612 600.000000 26.200872
310 0.000221 0.083096 700.000000 26.022305
310 0.000215 0.092848 800.000000 26.058632
320 0.000234 0.016449 100.000000 25.641026
320 0.000251 0.027240 200.000000 25.974026
320 0.000245 0.038936 300.000000 26.086956
320 0.000251 0.050522 400.000000 26.315790
320 0.000238 0.062567 500.000000 26.178011
320 0.000221 0.073253 600.000000 26.086956
320 0.000219 0.083092 700.000000 26.022305
320 0.000214 0.092907 800.000000 26.058632
330 0.000283 0.019232 100.000000 25.641026
330 0.000264 0.030536 200.000000 25.974026
330 0.000259 0.042272 300.000000 26.086956
330 0.000255 0.054425 400.000000 26.143791
330 0.000240 0.065488 500.000000 26.178011
330 0.000224 0.075710 600.000000 26.086956
330 0.000217 0.085558 700.000000 26.022305
330 0.000216 0.095553 800.000000 26.058632
340 0.000311 0.020005 100.000000 25.641026
340 0.000281 0.030888 200.000000 25.974026
340 0.000255 0.042749 300.000000 26.086956
340 0.000253 0.054569 400.000000 26.143791
340 0.000236 0.065332 500.000000 26.178011
340 0.000223 0.075717 600.000000 25.974026
340 0.000219 0.085109 700.000000 26.022305
340 0.000210 0.095169 800.000000 26.058632
350 0.000307 0.019725 100.000000 25.641026
350 0.000263 0.030341 200.000000 25.974026
350 0.000256 0.042122 300.000000 26.086956
350 0.000245 0.053609 400.000000 26.143791
350 0.000229 0.064380 500.000000 26.041666
350 0.000223 0.073914 600.000000 25.974026
350 0.000216 0.084014 700.000000 25.925926
350 0.000204 0.092731 800.000000 26.143791
360 0.000262 0.018939 100.000000 25.641026
360 0.000248 0.029039 200.000000 25.974026
360 0.000259 0.040690 300.000000 26.086956
360 0.000238 0.051532 400.000000 26.143791
360 0.000217 0.061599 500.000000 26.041666
360 0.000215 0.071561 600.000000 25.862068
360 0.000210 0.080549 700.000000 26.022305
360 0.000196 0.089496 800.000000 26.143791
370 0.000252 0.018726 100.000000 25.641026
370 0.000247 0.028568 200.000000 25.974026
370 0.000246 0.039873 300.000000 26.086956
370 0.000228 0.050832 400.000000 25.974026
370 0.000212 0.060295 500.000000 25.906736
370 0.000209 0.069686 600.000000 25.862068
370 0.000203 0.078796 700.000000 26.022305
370 0.000191 0.087425 800.000000 26.143791
380 0.000227 0.018175 100.000000 25.641026
380 0.000233 0.027612 200.000000 25.974026
380 0.000236 0.038315 300.000000 26.086956
380 0.000218 0.048675 400.000000 25.974026
380 0.000206 0.057666 500.000000 25.906736
380 0.000204 0.067096 600.000000 25.862068
380 0.000193 0.076082 700.000000 26.022305
380 0.000188 0.084374 800.000000 26.143791
390 0.000218 0.018272 100.000000 25.641026
390 0.000247 0.028019 200.000000 25.974026
390 0.000231 0.038439 300.000000 26.086956
390 0.000211 0.048250 400.000000 25.974026
390 0.000209 0.057639 500.000000 25.773195
390 0.000203 0.066694 600.000000 25.862068
390 0.000190 0.075426 700.000000 26.022305
390 0.000186 0.083602 800.000000 26.143791
400 0.000244 0.018966 100.000000 25.641026
400 0.000263 0.029326 200.000000 25.974026
400 0.000232 0.039772 300.000000 25.862068
400 0.000209 0.049012 400.000000 25.806452
400 0.000208 0.057886 500.000000 25.773195
400 0.000200 0.067065 600.000000 25.862068
400 0.000187 0.075035 700.000000 26.119404
400 0.000186 0.083076 800.000000 26.229507
410 0.000261 0.020091 100.000000 25.641026
410 0.000252 0.029792 200.000000 25.974026
410 0.000227 0.039689 300.000000 25.862068
410 0.000203 0.048200 400.000000 25.806452
410 0.000203 0.057025 500.000000 25.773195
410 0.000192 0.065736 600.000000 25.974026
410 0.000183 0.073809 700.000000 26.119404
410 0.000183 0.081630 800.000000 26.229507
420 0.000270 0.020036 100.000000 25.641026
420 0.000256 0.030328 200.000000 25.641026
420 0.000221 0.039155 300.000000 25.862068
420 0.000208 0.047924 400.000000 25.641026
420 0.000203 0.056441 500.000000 25.773195
420 0.000188 0.065017 600.000000 25.974026
420 0.000184 0.072881 700.000000 26.119404
420 0.000179 0.081072 800.000000 26.143791
430 0.000313 0.020307 100.000000 25.641026
430 0.000255 0.030531 200.000000 25.641026
430 0.000213 0.039492 300.000000 25.641026
430 0.000209 0.047769 400.000000 25.641026
430 0.000204 0.056478 500.000000 25.773195
430 0.000186 0.064753 600.000000 25.974026
430 0.000183 0.072585 700.000000 26.119404
430 0.000175 0.080366 800.000000 26.143791
440 0.000257 0.018238 100.000000 25.641026
440 0.000221 0.026322 200.000000 25.641026
440 0.000193 0.034265 300.000000 25.641026
440 0.000194 0.042496 400.000000 25.641026
440 0.000190 0.051354 500.000000 25.773195
440 0.000174 0.058910 600.000000 26.086956
440 0.000174 0.067096 700.000000 26.119404
440 0.000165 0.074404 800.000000 26.143791
450 0.000260 0.018887 100.000000 25.000000
450 0.000217 0.026601 200.000000 25.641026
450 0.000190 0.034248 300.000000 25.641026
450 0.000195 0.042800 400.000000 25.641026
450 0.000183 0.051897 500.000000 25.773195
450 0.000174 0.059214 600.000000 26.086956
450 0.000174 0.067387 700.000000 26.119404
450 0.000164 0.074666 800.000000 26.058632
460 0.000233 0.018005 100.000000 25.000000
460 0.000200 0.025363 200.000000 25.316456
460 0.000195 0.032731 300.000000 25.423729
460 0.000191 0.041076 400.000000 25.641026
460 0.000177 0.049472 500.000000 25.906736
460 0.000172 0.057145 600.000000 26.086956
460 0.000167 0.065221 700.000000 26.119404
460 0.000160 0.072311 800.000000 25.974026
470 0.000194 0.014196 100.000000 25.000000
470 0.000170 0.020656 200.000000 25.316456
470 0.000182 0.028214 300.000000 25.423729
470 0.000181 0.036717 400.000000 25.641026
470 0.000166 0.044744 500.000000 25.906736
470 0.000166 0.052462 600.000000 26.086956
470 0.000157 0.060154 700.000000 26.119404
470 0.000154 0.067294 800.000000 25.889967
480 0.000174 0.013057 100.000000 25.000000
480 0.000167 0.018727 200.000000 25.316456
480 0.000168 0.026447 300.000000 25.423729
480 0.000176 0.035128 400.000000 25.641026
480 0.000159 0.042411 500.000000 26.041666
480 0.000162 0.050401 600.000000 26.086956
480 0.000153 0.057535 700.000000 26.119404
480 0.000153 0.064653 800.000000 25.806452
490 0.000174 0.014671 100.000000 25.000000
490 0.000160 0.020036 200.000000 25.316456
490 0.000179 0.027887 300.000000 25.423729
490 0.000165 0.036207 400.000000 25.806452
490 0.000161 0.043590 500.000000 26.041666
490 0.000161 0.051213 600.000000 26.200872
490 0.000152 0.058634 700.000000 26.022305
490 0.000161 0.065454 800.000000 25.723473
500 0.000178 0.016055 100.000000 25.000000
500 0.000190 0.022054 200.000000 25.000000
500 0.000184 0.029726 300.000000 25.423729
500 0.000169 0.037653 400.000000 25.806452
500 0.000164 0.044981 500.000000 26.041666
500 0.000159 0.052449 600.000000 26.200872
500 0.000153 0.059635 700.000000 25.925926
500 0.000162 0.066551 800.000000 25.559105
510 0.000150 0.014368 100.000000 25.000000
510 0.000175 0.020724 200.000000 25.000000
510 0.000179 0.028487 300.000000 25.423729
510 0.000161 0.035459 400.000000 25.974026
510 0.000159 0.042847 500.000000 26.178011
510 0.000154 0.050692 600.000000 26.086956
510 0.000149 0.057490 700.000000 25.830257
510 0.000159 0.064508 800.000000 25.396826
520 0.000150 0.014918 100.000000 24.390244
520 0.000164 0.021203 200.000000 25.000000
520 0.000179 0.028878 300.000000 25.641026
520 0.000157 0.035999 400.000000 25.974026
520 0.000162 0.043345 500.000000 26.178011
520 0.000151 0.050595 600.000000 26.086956
520 0.000153 0.057383 700.000000 25.735294
520 0.000159 0.064563 800.000000 25.236593
530 0.000166 0.015592 100.000000 24.390244
530 0.000183 0.021741 200.000000 25.000000
530 0.000166 0.029357 300.000000 25.641026
530 0.000162 0.036125 400.000000 25.974026
530 0.000160 0.043541 500.000000 26.178011
530 0.000148 0.050135 600.000000 26.086956
530 0.000159 0.056996 700.000000 25.641026
530 0.000163 0.064272 800.000000 25.078369
540 0.000196 0.015530 100.000000 24.390244
540 0.000185 0.021880 200.000000 25.316456
540 0.000162 0.029129 300.000000 25.862068
540 0.000160 0.035936 400.000000 26.143791
540 0.000154 0.043568 500.000000 26.178011
540 0.000148 0.049969 600.000000 25.974026
540 0.000158 0.056970 700.000000 25.454546
540 0.000162 0.064236 800.000000 24.844721
550 0.000215 0.017035 100.000000 24.390244
550 0.000196 0.024189 200.000000 25.316456
550 0.000165 0.030469 300.000000 26.086956
550 0.000165 0.037519 400.000000 26.315790
550 0.000156 0.045055 500.000000 26.178011
550 0.000151 0.051506 600.000000 25.862068
550 0.000162 0.058335 700.000000 25.362318
550 0.000162 0.066197 800.000000 24.464832
560 0.000190 0.017693 100.000000 24.390244
560 0.000187 0.024537 200.000000 25.641026
560 0.000162 0.030852 300.000000 26.086956
560 0.000166 0.037832 400.000000 26.315790
560 0.000151 0.044736 500.000000 26.178011
560 0.000156 0.051175 600.000000 25.751074
560 0.000162 0.058185 700.000000 25.179855
560 0.000163 0.065919 800.000000 24.024025
570 0.000204 0.016328 100.000000 25.000000
570 0.000168 0.023099 200.000000 25.974026
570 0.000161 0.028996 300.000000 26.315790
570 0.000160 0.036573 400.000000 26.315790
570 0.000146 0.042678 500.000000 26.178011
570 0.000157 0.049263 600.000000 25.641026
570 0.000163 0.056379 700.000000 25.000000
570 0.000163 0.063332 800.000000 23.598820
580 0.000176 0.015342 100.000000 25.000000
580 0.000141 0.020535 200.000000 25.974026
580 0.000149 0.026312 300.000000 26.315790
580 0.000144 0.033077 400.000000 26.490067
580 0.000139 0.039287 500.000000 26.041666
580 0.000152 0.045587 600.000000 25.531916
580 0.000157 0.052994 700.000000 24.734982
580 0.000162 0.058017 800.000000 23.054754
590 0.000179 0.016125 100.000000 25.641026
590 0.000140 0.020382 200.000000 26.315790
590 0.000151 0.026456 300.000000 26.548672
590 0.000143 0.033349 400.000000 26.315790
590 0.000139 0.038841 500.000000 26.041666
590 0.000153 0.045578 600.000000 25.316456
590 0.000156 0.053179 700.000000 24.305555
590 0.000164 0.054337 800.000000 22.662889
600 0.000190 0.017614 100.000000 25.641026
600 0.000150 0.021818 200.000000 26.315790
600 0.000161 0.028302 300.000000 26.548672
600 0.000143 0.034594 400.000000 26.315790
600 0.000150 0.040569 500.000000 25.773195
600 0.000159 0.047344 600.000000 25.104603
600 0.000161 0.054924 700.000000 23.809525
600 0.000169 0.050957 800.000000 22.222221
610 0.000124 0.014846 100.000000 25.641026
610 0.000139 0.018072 200.000000 26.666666
610 0.000144 0.025108 300.000000 26.548672
610 0.000134 0.030803 400.000000 26.143791
610 0.000146 0.036621 500.000000 25.641026
610 0.000157 0.043800 600.000000 24.793388
610 0.000158 0.050648 700.000000 23.178808
610 0.000167 0.041232 800.000000 21.798365
620 0.000114 0.014412 100.000000 26.315790
620 0.000137 0.018489 200.000000 26.666666
620 0.000133 0.024979 300.000000 26.548672
620 0.000131 0.030446 400.000000 25.974026
620 0.000150 0.036269 500.000000 25.380711
620 0.000154 0.043817 600.000000 24.390244
620 0.000162 0.048039 700.000000 22.653721
620 0.000159 0.034482 800.000000 21.505377
630 0.000104 0.012388 100.000000 26.315790
630 0.000143 0.017577 200.000000 26.666666
630 0.000130 0.023501 300.000000 26.315790
630 0.000131 0.028620 400.000000 25.806452
630 0.000150 0.035069 500.000000 25.000000
630 0.000154 0.042545 600.000000 23.904383
630 0.000164 0.043047 700.000000 22.082020
630 0.000149 0.027170 800.000000 21.164021
640 0.000137 0.013765 100.000000 26.315790
640 0.000157 0.020012 200.000000 26.666666
640 0.000139 0.025871 300.000000 26.086956
640 0.000151 0.031347 400.000000 25.477707
640 0.000162 0.038004 500.000000 24.752476
640 0.000159 0.045829 600.000000 23.166023
640 0.000171 0.040165 700.000000 21.538462
640 0.000142 0.023047 800.000000 20.725389
650 0.000165 0.015475 100.000000 26.315790
650 0.000157 0.022217 200.000000 26.315790
650 0.000137 0.026742 300.000000 25.862068
650 0.000160 0.032284 400.000000 25.157232
650 0.000165 0.039311 500.000000 24.271845
650 0.000167 0.045536 600.000000 22.471910
650 0.000173 0.034108 700.000000 21.084337
650 0.000136 0.018201 800.000000 20.304569
660 0.000170 0.016292 100.000000 26.315790
660 0.000144 0.022221 200.000000 25.974026
660 0.000134 0.026296 300.000000 25.641026
660 0.000159 0.032028 400.000000 24.844721
660 0.000162 0.039457 500.000000 23.809525
660 0.000170 0.042714 600.000000 21.818182
660 0.000164 0.027810 700.000000 20.771513
660 0.000126 0.013150 800.000000 19.851116
670 0.000180 0.018440 100.000000 25.641026
670 0.000139 0.021793 200.000000 25.974026
670 0.000143 0.026051 300.000000 25.210085
670 0.000161 0.032037 400.000000 24.390244
670 0.000163 0.039691 500.000000 23.041475
670 0.000176 0.038183 600.000000 21.201414
670 0.000151 0.021283 700.000000 20.348837
670 0.000120 0.009245 800.000000 19.417477
680 0.000179 0.017386 100.000000 25.641026
680 0.000135 0.020281 200.000000 25.641026
680 0.000166 0.025058 300.000000 24.793388
680 0.000171 0.031979 400.000000 23.952095
680 0.000166 0.039491 500.000000 22.222221
680 0.000176 0.032084 600.000000 20.689655
680 0.000142 0.015512 700.000000 19.886364
680 0.000116 0.006527 800.000000 19.093079
690 0.000142 0.016013 100.000000 25.641026
690 0.000128 0.018115 200.000000 25.316456
690 0.000163 0.023322 300.000000 24.390244
690 0.000169 0.030640 400.000000 23.529411
690 0.000173 0.036394 500.000000 21.459227
690 0.000172 0.023862 600.000000 20.202021
690 0.000128 0.009323 700.000000 19.444445
700 0.000126 0.014844 100.000000 25.000000
700 0.000125 0.017132 200.000000 24.691359
700 0.000163 0.022460 300.000000 24.000000
700 0.000163 0.030474 400.000000 22.857143
700 0.000174 0.032522 500.000000 20.833334
700 0.000162 0.017388 600.000000 19.867550
700 0.000120 0.004662 700.000000 18.970190
710 0.000102 0.011257 100.000000 25.000000
710 0.000136 0.013970 200.000000 24.390244
710 0.000158 0.020316 300.000000 23.622047
710 0.000163 0.028941 400.000000 21.978022
710 0.000177 0.025994 500.000000 20.161291
710 0.000144 0.010262 600.000000 19.417477
710 0.000109 0.001982 700.000000 18.567638
720 0.000110 0.009395 100.000000 24.390244
720 0.000161 0.013344 200.000000 23.809525
720 0.000174 0.021015 300.000000 23.076923
720 0.000170 0.028747 400.000000 21.164021
720 0.000179 0.019998 500.000000 19.607843
720 0.000136 0.005841 600.000000 18.987341
730 0.000139 0.010897 100.000000 23.809525
730 0.000180 0.015328 200.000000 23.529411
730 0.000179 0.023928 300.000000 22.556391
730 0.000184 0.029047 400.000000 20.304569
730 0.000176 0.015389 500.000000 19.230770
730 0.000125 0.002867 600.000000 18.518518
740 0.000131 0.009820 100.000000 23.809525
740 0.000183 0.015734 200.000000 22.988506
740 0.000178 0.025069 300.000000 21.739130
740 0.000185 0.026268 400.000000 19.704433
740 0.000166 0.010756 500.000000 18.867924
740 0.000121 0.003151 600.000000 18.072289
750 0.000184 0.010996 100.000000 23.255814
750 0.000201 0.018715 200.000000 22.471910
750 0.000189 0.027798 300.000000 20.833334
750 0.000197 0.023552 400.000000 19.047619
750 0.000154 0.007383 500.000000 18.518518
750 0.000110 0.004333 600.000000 17.751480
760 0.000217 0.012368 100.000000 22.727272
760 0.000210 0.020505 200.000000 21.978022
760 0.000193 0.028236 300.000000 20.000000
760 0.000202 0.018571 400.000000 18.604650
760 0.000146 0.004313 500.000000 18.050541
770 0.000229 0.011845 100.000000 22.222221
770 0.000207 0.021047 200.000000 21.505377
770 0.000203 0.026323 300.000000 19.230770
770 0.000194 0.012786 400.000000 18.181818
770 0.000134 0.003520 500.000000 17.605635
780 0.000245 0.013427 100.000000 21.739130
780 0.000203 0.022586 200.000000 20.833334
780 0.000208 0.023743 300.000000 18.518518
780 0.000183 0.007997 400.000000 17.857143
780 0.000124 0.005968 500.000000 17.241379
790 0.000211 0.012507 100.000000 21.276596
790 0.000194 0.020822 200.000000 19.801981
790 0.000207 0.018093 300.000000 17.964071
790 0.000157 0.004488 400.000000 17.543859
790 0.000111 0.008370 500.000000 16.891891
800 0.000198 0.009262 100.000000 20.833334
800 0.000169 0.016798 200.000000 18.867924
800 0.000198 0.011434 300.000000 17.441860
800 0.000140 0.005190 400.000000 17.167381
800 0.000105 0.010246 500.000000 16.666666
810 0.000209 0.010067 100.000000 20.408163
810 0.000192 0.016847 200.000000 18.018019
810 0.000202 0.008509 300.000000 17.142857
810 0.000128 0.007313 400.000000 16.806723
820 0.000178 0.011826 100.000000 19.607843
820 0.000200 0.015852 200.000000 17.241379
820 0.000189 0.007440 300.000000 16.853933
820 0.000127 0.009966 400.000000 16.393442
830 0.000181 0.012840 100.000000 18.518518
830 0.000211 0.014257 200.000000 16.666666
830 0.000166 0.008793 300.000000 16.574585
830 0.000116 0.012471 400.000000 16.129032
840 0.000194 0.014404 100.000000 17.241379
840 0.000208 0.012554 200.000000 16.129032
840 0.000134 0.011682 300.000000 16.304348
840 0.000097 0.014348 400.000000 15.873015
850 0.000203 0.015532 100.000000 16.393442
850 0.000220 0.012249 200.000000 15.873015
850 0.000130 0.012484 300.000000 15.957447
860 0.000237 0.016632 100.000000 15.625000
860 0.000203 0.013300 200.000000 15.625000
860 0.000114 0.014144 300.000000 15.625000
870 0.000238 0.014724 100.000000 14.925373
870 0.000202 0.012034 200.000000 15.503876
870 0.000131 0.013938 300.000000 15.384615
880 0.000241 0.013780 100.000000 14.705882
880 0.000182 0.011616 200.000000 15.503876
880 0.000126 0.013721 300.000000 15.306123
890 0.000256 0.013166 100.000000 14.705882
890 0.000164 0.011049 200.000000 15.625000
890 0.000125 0.013615 300.000000 15.306123
900 0.000277 0.011007 100.000000 14.925373
900 0.000171 0.009704 200.000000 15.625000
900 0.000139 0.013556 300.000000 15.306123
910 0.000339 0.010462 100.000000 14.925373
910 0.000191 0.009495 200.000000 15.503876
920 0.000321 0.010638 100.000000 15.384615
920 0.000200 0.010217 200.000000 15.503876
930 0.000287 0.010031 100.000000 15.625000
930 0.000205 0.009121 200.000000 15.503876
940 0.000254 0.010017 100.000000 15.873015
940 0.000202 0.008028 200.000000 15.384615
950 0.000217 0.011438 100.000000 16.129032
950 0.000180 0.008655 200.000000 15.384615
960 0.000179 0.012270 100.000000 16.129032
960 0.000172 0.008568 200.000000 15.384615
970 0.000184 0.013154 100.000000 15.873015
970 0.000147 0.008225 200.000000 15.384615
980 0.000201 0.013826 100.000000 15.625000
990 0.000261 0.012618 100.000000 15.151515
1000 0.000258 0.009753 100.000000 14.705882
1010 0.000191 0.007306 100.000000 14.492754
1020 0.000189 0.006157 100.000000 14.492754
1030 0.000151 0.008422 100.000000 14.705882
