0 0.000179 0.011697 100.000000 6.289308
0 0.000183 0.014158 200.000000 6.666667
0 0.000160 0.021091 300.000000 7.194244
0 0.000130 0.024130 400.000000 7.312614
0 0.000125 0.029453 500.000000 7.587254
10 0.000180 0.011433 100.000000 6.211180
10 0.000199 0.015607 200.000000 6.666667
10 0.000158 0.022772 300.000000 7.194244
10 0.000134 0.025819 400.000000 7.299270
10 0.000123 0.031038 500.000000 7.575758
20 0.000148 0.009078 100.000000 6.134969
20 0.000186 0.013967 200.000000 6.666667
20 0.000143 0.021175 300.000000 7.194244
20 0.000129 0.024604 400.000000 7.299270
20 0.000127 0.029734 500.000000 7.552870
30 0.000183 0.011523 100.000000 5.952381
30 0.000199 0.015741 200.000000 6.688963
30 0.000137 0.022944 300.000000 7.211538
30 0.000132 0.026189 400.000000 7.312614
30 0.000129 0.031197 500.000000 7.541478
40 0.000191 0.012496 100.000000 5.847953
40 0.000199 0.016458 200.000000 6.734007
40 0.000138 0.023501 300.000000 7.246377
40 0.000138 0.027012 400.000000 7.326007
40 0.000128 0.031989 500.000000 7.518797
50 0.000174 0.011262 100.000000 5.847953
50 0.000201 0.016911 200.000000 6.779661
50 0.000132 0.023815 300.000000 7.281553
50 0.000137 0.027178 400.000000 7.366483
50 0.000129 0.032448 500.000000 7.485030
60 0.000194 0.009560 100.000000 5.988024
60 0.000200 0.016012 200.000000 6.896552
60 0.000127 0.022809 300.000000 7.352941
60 0.000133 0.026030 400.000000 7.434944
60 0.000129 0.031869 500.000000 7.429420
70 0.000185 0.009447 100.000000 6.211180
70 0.000189 0.015942 200.000000 7.042253
70 0.000130 0.022444 300.000000 7.481297
70 0.000134 0.025718 400.000000 7.518797
70 0.000137 0.031805 500.000000 7.418397
80 0.000198 0.010658 100.000000 6.451613
80 0.000197 0.015890 200.000000 7.220217
80 0.000132 0.022340 300.000000 7.614213
80 0.000134 0.025538 400.000000 7.619048
80 0.000139 0.031466 500.000000 7.440476
90 0.000201 0.012319 100.000000 6.711410
90 0.000197 0.016781 200.000000 7.380074
90 0.000138 0.022659 300.000000 7.751938
90 0.000132 0.026036 400.000000 7.722008
90 0.000135 0.031785 500.000000 7.440476
100 0.000237 0.013915 100.000000 6.896552
100 0.000207 0.020169 200.000000 7.518797
100 0.000154 0.025587 300.000000 7.832898
100 0.000141 0.029062 400.000000 7.797271
100 0.000146 0.034926 500.000000 7.342144
110 0.000224 0.012969 100.000000 6.896552
110 0.000187 0.017787 200.000000 7.547170
110 0.000129 0.022395 300.000000 7.894737
110 0.000130 0.025932 400.000000 7.858546
120 0.000225 0.012476 100.000000 6.849315
120 0.000189 0.017915 200.000000 7.575758
120 0.000128 0.022033 300.000000 7.894737
120 0.000130 0.025795 400.000000 7.905138
130 0.000239 0.012500 100.000000 6.849315
130 0.000198 0.019153 200.000000 7.575758
130 0.000137 0.022637 300.000000 7.812500
130 0.000132 0.027060 400.000000 7.920792
140 0.000240 0.011695 100.000000 6.896552
140 0.000201 0.018938 200.000000 7.633588
140 0.000141 0.022301 300.000000 7.751938
140 0.000136 0.027069 400.000000 7.936508
150 0.000262 0.011222 100.000000 6.993007
150 0.000191 0.018388 200.000000 7.662835
150 0.000138 0.021053 300.000000 7.712082
150 0.000128 0.025746 400.000000 7.968128
160 0.000281 0.012622 100.000000 7.042253
160 0.000181 0.018837 200.000000 7.722008
160 0.000138 0.021099 300.000000 7.712082
160 0.000127 0.025788 400.000000 7.984032
170 0.000285 0.013742 100.000000 7.142857
170 0.000176 0.019763 200.000000 7.782101
170 0.000139 0.021996 300.000000 7.731959
170 0.000124 0.026369 400.000000 8.000000
180 0.000276 0.014077 100.000000 7.246377
180 0.000165 0.019910 200.000000 7.843137
180 0.000137 0.022040 300.000000 7.772021
180 0.000129 0.026299 400.000000 8.000000
190 0.000290 0.013870 100.000000 7.407407
190 0.000161 0.020231 200.000000 7.936508
190 0.000135 0.022611 300.000000 7.832898
190 0.000132 0.026815 400.000000 8.032128
200 0.000268 0.011916 100.000000 7.575758
200 0.000149 0.018834 200.000000 8.064516
200 0.000132 0.021380 300.000000 7.915567
200 0.000127 0.025620 400.000000 8.064516
210 0.000246 0.008736 100.000000 7.812500
210 0.000131 0.016668 200.000000 8.163265
210 0.000131 0.019443 300.000000 7.978724
210 0.000121 0.023632 400.000000 8.080808
220 0.000243 0.008636 100.000000 8.000000
220 0.000127 0.016978 200.000000 8.264462
220 0.000131 0.019773 300.000000 8.021390
220 0.000123 0.024420 400.000000 8.016032
230 0.000211 0.007392 100.000000 8.064516
230 0.000110 0.014629 200.000000 8.298756
230 0.000121 0.016819 300.000000 8.064516
230 0.000129 0.022199 400.000000 7.782101
240 0.000192 0.006979 100.000000 8.130081
240 0.000116 0.013330 200.000000 8.368201
240 0.000120 0.016232 300.000000 8.108109
240 0.000128 0.021472 400.000000 7.575758
250 0.000176 0.006553 100.000000 8.196721
250 0.000101 0.011991 200.000000 8.438819
250 0.000115 0.014703 300.000000 8.174387
260 0.000161 0.007727 100.000000 8.333333
260 0.000090 0.011218 200.000000 8.510638
260 0.000110 0.013488 300.000000 8.264462
270 0.000167 0.009669 100.000000 8.333333
270 0.000088 0.011371 200.000000 8.438819
270 0.000109 0.013628 300.000000 8.310249
280 0.000167 0.010861 100.000000 8.403361
280 0.000099 0.011489 200.000000 8.230453
280 0.000109 0.013981 300.000000 8.333333
290 0.000173 0.012108 100.000000 8.403361
290 0.000108 0.011874 200.000000 8.130081
290 0.000111 0.014423 300.000000 8.333333
300 0.000115 0.012551 100.000000 8.403361
300 0.000099 0.011552 200.000000 8.064516
300 0.000096 0.013065 300.000000 8.310249
310 0.000102 0.014201 100.000000 8.403361
310 0.000081 0.012038 200.000000 8.000000
310 0.000084 0.012873 300.000000 8.287292
320 0.000136 0.014988 100.000000 8.474576
320 0.000085 0.013227 200.000000 8.000000
320 0.000099 0.013610 300.000000 8.241758
330 0.000158 0.015249 100.000000 8.474576
330 0.000093 0.013465 200.000000 8.032128
330 0.000092 0.013228 300.000000 8.196721
340 0.000118 0.015790 100.000000 8.474576
340 0.000088 0.013813 200.000000 8.000000
340 0.000094 0.013830 300.000000 8.064516
350 0.000090 0.016489 100.000000 8.403361
350 0.000100 0.014182 200.000000 8.000000
350 0.000105 0.014138 300.000000 7.751938
360 0.000059 0.015808 100.000000 8.474576
360 0.000108 0.014232 200.000000 8.032128
360 0.000121 0.013903 300.000000 7.425743
370 0.000033 0.015129 100.000000 8.547009
370 0.000102 0.013192 200.000000 8.130081
380 0.000028 0.015155 100.000000 8.547009
380 0.000098 0.012901 200.000000 8.196721
390 0.000028 0.016142 100.000000 8.333333
390 0.000094 0.013238 200.000000 8.230453
400 0.000050 0.016759 100.000000 7.936508
400 0.000093 0.013521 200.000000 8.230453
410 0.000101 0.016739 100.000000 7.692307
410 0.000090 0.013246 200.000000 8.230453
420 0.000074 0.015061 100.000000 7.575758
420 0.000090 0.012827 200.000000 8.196721
430 0.000080 0.014223 100.000000 7.518797
430 0.000079 0.012059 200.000000 8.163265
440 0.000093 0.013506 100.000000 7.518797
440 0.000111 0.011392 200.000000 8.064516
450 0.000145 0.012446 100.000000 7.518797
450 0.000123 0.011816 200.000000 7.968128
460 0.000173 0.011635 100.000000 7.518797
460 0.000130 0.013154 200.000000 7.751938
470 0.000155 0.011236 100.000000 7.575758
470 0.000156 0.013108 200.000000 7.272727
480 0.000181 0.012285 100.000000 7.575758
480 0.000160 0.011929 200.000000 6.756757
490 0.000224 0.014236 100.000000 7.692307
500 0.000210 0.012729 100.000000 7.874016
510 0.000161 0.012633 100.000000 8.064516
520 0.000133 0.012707 100.000000 8.333333
530 0.000123 0.012844 100.000000 8.547009
540 0.000106 0.012988 100.000000 8.771930
550 0.000099 0.013462 100.000000 8.849558
560 0.000098 0.012925 100.000000 8.771930
570 0.000133 0.010670 100.000000 8.620689
580 0.000112 0.009694 100.000000 8.403361
590 0.000112 0.008788 100.000000 8.000000
600 0.000157 0.007892 100.000000 6.993007
610 0.000174 0.006870 100.000000 6.060606
