0 0.000077 0.008281 100.000000 13.513514
0 0.000087 0.011538 200.000000 13.605442
0 0.000076 0.015486 300.000000 14.084507
10 0.000097 0.008609 100.000000 13.513514
10 0.000085 0.012468 200.000000 13.698630
10 0.000072 0.016157 300.000000 14.150944
20 0.000105 0.008566 100.000000 13.513514
20 0.000097 0.013550 200.000000 13.698630
20 0.000078 0.016588 300.000000 14.285714
30 0.000112 0.007305 100.000000 13.513514
30 0.000108 0.013397 200.000000 13.793103
30 0.000073 0.015533 300.000000 14.354067
40 0.000153 0.006145 100.000000 13.333333
40 0.000109 0.013214 200.000000 13.888889
40 0.000080 0.014735 300.000000 14.492754
50 0.000120 0.006840 100.000000 13.333333
50 0.000103 0.013483 200.000000 13.986014
50 0.000079 0.014682 300.000000 14.563107
60 0.000121 0.007974 100.000000 13.333333
60 0.000104 0.013563 200.000000 13.986014
60 0.000075 0.014185 300.000000 14.634147
70 0.000103 0.009013 100.000000 13.333333
70 0.000087 0.013275 200.000000 14.184397
80 0.000125 0.009473 100.000000 13.513514
80 0.000087 0.012880 200.000000 14.285714
90 0.000122 0.009942 100.000000 13.513514
90 0.000083 0.012015 200.000000 14.492754
100 0.000115 0.012282 100.000000 13.698630
100 0.000077 0.012171 200.000000 14.705882
110 0.000076 0.012904 100.000000 14.084507
110 0.000049 0.011433 200.000000 14.814815
120 0.000086 0.014789 100.000000 14.285714
120 0.000055 0.011387 200.000000 15.037594
130 0.000102 0.013383 100.000000 14.492754
130 0.000069 0.010601 200.000000 15.151515
140 0.000105 0.012370 100.000000 14.705882
140 0.000059 0.011190 200.000000 15.384615
150 0.000075 0.011813 100.000000 14.925373
160 0.000070 0.010940 100.000000 15.151515
170 0.000072 0.009985 100.000000 15.384615
180 0.000088 0.010105 100.000000 15.384615
190 0.000108 0.011383 100.000000 15.625000
200 0.000067 0.009417 100.000000 15.625000
