0 0.000150 0.009646 100.000000 9.090909
0 0.000068 0.006300 200.000000 7.633588
0 0.000107 0.006819 300.000000 7.159904
0 0.000078 0.008822 400.000000 6.896552
0 0.000072 0.007541 500.000000 7.278020
0 0.000075 0.010155 600.000000 7.272727
0 0.000076 0.009718 700.000000 7.186858
0 0.000081 0.010121 800.000000 7.305936
10 0.000116 0.007919 100.000000 8.849558
10 0.000062 0.006026 200.000000 7.722008
10 0.000100 0.007636 300.000000 7.075472
10 0.000078 0.009168 400.000000 6.932409
10 0.000075 0.008118 500.000000 7.320644
10 0.000080 0.010779 600.000000 7.290401
10 0.000076 0.010526 700.000000 7.201646
10 0.000080 0.011121 800.000000 7.332722
20 0.000103 0.007857 100.000000 8.196721
20 0.000076 0.005889 200.000000 7.782101
20 0.000107 0.008585 300.000000 7.042253
20 0.000081 0.009455 400.000000 6.968641
20 0.000075 0.008609 500.000000 7.352941
20 0.000079 0.011176 600.000000 7.299270
20 0.000079 0.010875 700.000000 7.209063
20 0.000079 0.011913 800.000000 7.352941
30 0.000064 0.007302 100.000000 7.751938
30 0.000068 0.006631 200.000000 7.782101
30 0.000108 0.009659 300.000000 7.009346
30 0.000080 0.009680 400.000000 6.980803
30 0.000077 0.009137 500.000000 7.374631
30 0.000079 0.011725 600.000000 7.299270
30 0.000079 0.011359 700.000000 7.194244
30 0.000079 0.012536 800.000000 7.359705
40 0.000112 0.008970 100.000000 7.575758
40 0.000062 0.007457 200.000000 7.692307
40 0.000102 0.010696 300.000000 6.993007
40 0.000074 0.009875 400.000000 6.956522
40 0.000076 0.009678 500.000000 7.374631
40 0.000078 0.012133 600.000000 7.281553
40 0.000077 0.011639 700.000000 7.150153
40 0.000080 0.013171 800.000000 7.352941
50 0.000109 0.009809 100.000000 7.407407
50 0.000062 0.008033 200.000000 7.575758
50 0.000102 0.011624 300.000000 6.976744
50 0.000076 0.009788 400.000000 6.932409
50 0.000076 0.010055 500.000000 7.363770
50 0.000078 0.012584 600.000000 7.194244
50 0.000079 0.011645 700.000000 7.113821
50 0.000083 0.013485 800.000000 7.332722
60 0.000079 0.010445 100.000000 7.194244
60 0.000068 0.008200 200.000000 7.407407
60 0.000099 0.011859 300.000000 6.944445
60 0.000082 0.009205 400.000000 6.920415
60 0.000073 0.010221 500.000000 7.352941
60 0.000074 0.012898 600.000000 7.050529
60 0.000077 0.011338 700.000000 7.099391
60 0.000086 0.013230 800.000000 7.305936
70 0.000036 0.010877 100.000000 6.944445
70 0.000091 0.008456 200.000000 7.220217
70 0.000090 0.012412 300.000000 6.849315
70 0.000082 0.009312 400.000000 6.908463
70 0.000069 0.010685 500.000000 7.331378
70 0.000068 0.012893 600.000000 6.993007
70 0.000078 0.012100 700.000000 7.092198
70 0.000084 0.014231 800.000000 7.252946
80 0.000068 0.011549 100.000000 6.711410
80 0.000118 0.009455 200.000000 6.968641
80 0.000075 0.013204 300.000000 6.622517
80 0.000081 0.009528 400.000000 6.896552
80 0.000068 0.010953 500.000000 7.278020
80 0.000074 0.012524 600.000000 6.960557
80 0.000080 0.012333 700.000000 7.092198
80 0.000084 0.014796 800.000000 7.111111
90 0.000113 0.010352 100.000000 6.535948
90 0.000115 0.010796 200.000000 6.711410
90 0.000090 0.013693 300.000000 6.396588
90 0.000083 0.009943 400.000000 6.884682
90 0.000082 0.011252 500.000000 7.173601
90 0.000085 0.012752 600.000000 6.936416
90 0.000085 0.013139 700.000000 7.085020
90 0.000087 0.015133 800.000000 7.048458
100 0.000076 0.011310 100.000000 6.451613
100 0.000122 0.011652 200.000000 6.578948
100 0.000091 0.013382 300.000000 6.342494
100 0.000086 0.010043 400.000000 6.884682
100 0.000094 0.011559 500.000000 7.002801
100 0.000086 0.012709 600.000000 6.928406
100 0.000091 0.013447 700.000000 7.085020
100 0.000083 0.014621 800.000000 7.023705
110 0.000124 0.011656 100.000000 6.535948
110 0.000142 0.013186 200.000000 6.451613
110 0.000085 0.013994 300.000000 6.369427
110 0.000087 0.010583 400.000000 6.920415
110 0.000097 0.011977 500.000000 6.983240
110 0.000092 0.013093 600.000000 6.936416
110 0.000094 0.014409 700.000000 7.099391
110 0.000085 0.014979 800.000000 7.029877
120 0.000132 0.012462 100.000000 6.756757
120 0.000139 0.013959 200.000000 6.410256
120 0.000086 0.013909 300.000000 6.437768
120 0.000088 0.010714 400.000000 6.993007
120 0.000099 0.012115 500.000000 7.022472
120 0.000094 0.013069 600.000000 6.968641
120 0.000091 0.014632 700.000000 7.135576
120 0.000083 0.014756 800.000000 7.060900
130 0.000111 0.012519 100.000000 6.993007
130 0.000123 0.012665 200.000000 6.451613
130 0.000084 0.012821 300.000000 6.521739
130 0.000085 0.010589 400.000000 7.067138
130 0.000094 0.012241 500.000000 7.072136
130 0.000093 0.013010 600.000000 7.009346
130 0.000085 0.014318 700.000000 7.179487
130 0.000080 0.013814 800.000000 7.098492
140 0.000114 0.012866 100.000000 7.299270
140 0.000123 0.012263 200.000000 6.535948
140 0.000084 0.012170 300.000000 6.607930
140 0.000084 0.010409 400.000000 7.142857
140 0.000089 0.012303 500.000000 7.122507
140 0.000086 0.012764 600.000000 7.050529
140 0.000083 0.013863 700.000000 7.231405
140 0.000078 0.013024 800.000000 7.130125
150 0.000115 0.012111 100.000000 7.575758
150 0.000142 0.013313 200.000000 6.622517
150 0.000094 0.012257 300.000000 6.681514
150 0.000092 0.010321 400.000000 7.220217
150 0.000089 0.012609 500.000000 7.173601
150 0.000088 0.012859 600.000000 7.083825
150 0.000085 0.014128 700.000000 7.268951
150 0.000081 0.013077 800.000000 7.162041
160 0.000155 0.012527 100.000000 7.751938
160 0.000162 0.015454 200.000000 6.666667
160 0.000107 0.012704 300.000000 6.741573
160 0.000104 0.010553 400.000000 7.272727
160 0.000100 0.013620 500.000000 7.204611
160 0.000093 0.013712 600.000000 7.092198
160 0.000089 0.015014 700.000000 7.299270
160 0.000087 0.013226 800.000000 7.174888
170 0.000176 0.014364 100.000000 7.751938
170 0.000164 0.017368 200.000000 6.711410
170 0.000116 0.012423 300.000000 6.756757
170 0.000108 0.010494 400.000000 7.312614
170 0.000101 0.014170 500.000000 7.215007
170 0.000093 0.013564 600.000000 7.083825
170 0.000093 0.014996 700.000000 7.314525
170 0.000089 0.012580 800.000000 7.162041
180 0.000170 0.014623 100.000000 7.692307
180 0.000154 0.016937 200.000000 6.734007
180 0.000113 0.011229 300.000000 6.772009
180 0.000106 0.010576 400.000000 7.326007
180 0.000097 0.014350 500.000000 7.173601
180 0.000088 0.013203 600.000000 7.058824
180 0.000094 0.014736 700.000000 7.314525
180 0.000086 0.011346 800.000000 7.117438
190 0.000122 0.013608 100.000000 7.575758
190 0.000147 0.016164 200.000000 6.756757
190 0.000110 0.010213 300.000000 6.787330
190 0.000098 0.010514 400.000000 7.352941
190 0.000090 0.014274 500.000000 7.072136
190 0.000085 0.013006 600.000000 7.058824
190 0.000096 0.014874 700.000000 7.306890
190 0.000082 0.010633 800.000000 7.085917
200 0.000138 0.012872 100.000000 7.518797
200 0.000145 0.016107 200.000000 6.779661
200 0.000109 0.009548 300.000000 6.818182
200 0.000093 0.010678 400.000000 7.366483
200 0.000084 0.014162 500.000000 6.993007
200 0.000085 0.012742 600.000000 7.075472
200 0.000098 0.014998 700.000000 7.306890
200 0.000079 0.010060 800.000000 7.079646
210 0.000167 0.012288 100.000000 7.407407
210 0.000138 0.016456 200.000000 6.779661
210 0.000113 0.009272 300.000000 6.864988
210 0.000087 0.010827 400.000000 7.393715
210 0.000082 0.013640 500.000000 6.983240
210 0.000090 0.012679 600.000000 7.100592
210 0.000096 0.015451 700.000000 7.291667
210 0.000079 0.009858 800.000000 7.092198
220 0.000167 0.011084 100.000000 7.352941
220 0.000112 0.015277 200.000000 6.688963
220 0.000104 0.008523 300.000000 6.912442
220 0.000080 0.010491 400.000000 7.421150
220 0.000082 0.012410 500.000000 6.993007
220 0.000087 0.012007 600.000000 7.125891
220 0.000090 0.014979 700.000000 7.231405
220 0.000077 0.009161 800.000000 7.104796
230 0.000206 0.011792 100.000000 7.142857
230 0.000096 0.015151 200.000000 6.514658
230 0.000100 0.008477 300.000000 6.944445
230 0.000079 0.010586 400.000000 7.407407
230 0.000085 0.012023 500.000000 7.002801
230 0.000089 0.012201 600.000000 7.151371
230 0.000091 0.015309 700.000000 7.150153
230 0.000076 0.008946 800.000000 7.123775
240 0.000195 0.013809 100.000000 6.896552
240 0.000117 0.015026 200.000000 6.329114
240 0.000103 0.009019 300.000000 6.976744
240 0.000087 0.011353 400.000000 7.352941
240 0.000085 0.012218 500.000000 7.012623
240 0.000090 0.012407 600.000000 7.168459
240 0.000090 0.015031 700.000000 7.121058
240 0.000074 0.008722 800.000000 7.136485
250 0.000215 0.014318 100.000000 6.711410
250 0.000133 0.013781 200.000000 6.269592
250 0.000104 0.009264 300.000000 7.009346
250 0.000094 0.011772 400.000000 7.194244
250 0.000090 0.012122 500.000000 7.012623
250 0.000092 0.012581 600.000000 7.185629
250 0.000087 0.014558 700.000000 7.106599
250 0.000074 0.008436 800.000000 7.142857
260 0.000200 0.013441 100.000000 6.369427
260 0.000125 0.012157 200.000000 6.269592
260 0.000102 0.009685 300.000000 7.042253
260 0.000097 0.012543 400.000000 7.092198
260 0.000091 0.012584 500.000000 7.012623
260 0.000092 0.013027 600.000000 7.194244
260 0.000082 0.013766 700.000000 7.099391
260 0.000074 0.008150 800.000000 7.149240
270 0.000169 0.012512 100.000000 5.952381
270 0.000120 0.010309 200.000000 6.269592
270 0.000100 0.009744 300.000000 7.058824
270 0.000093 0.012481 400.000000 7.067138
270 0.000086 0.012321 500.000000 6.993007
270 0.000086 0.012964 600.000000 7.202881
270 0.000079 0.012768 700.000000 7.099391
270 0.000073 0.007879 800.000000 7.155635
280 0.000194 0.013029 100.000000 5.813953
280 0.000124 0.009839 200.000000 6.289308
280 0.000098 0.009862 300.000000 7.075472
280 0.000085 0.012318 400.000000 7.067138
280 0.000084 0.012197 500.000000 6.983240
280 0.000080 0.013266 600.000000 7.211538
280 0.000078 0.012514 700.000000 7.099391
280 0.000076 0.007804 800.000000 7.168459
290 0.000195 0.013605 100.000000 5.813953
290 0.000112 0.009375 200.000000 6.309148
290 0.000092 0.009601 300.000000 7.109005
290 0.000086 0.011879 400.000000 7.067138
290 0.000080 0.011794 500.000000 6.963789
290 0.000085 0.013449 600.000000 7.220217
290 0.000078 0.012253 700.000000 7.092198
290 0.000075 0.007584 800.000000 7.181329
300 0.000193 0.014427 100.000000 5.882353
300 0.000099 0.009139 200.000000 6.329114
300 0.000091 0.009317 300.000000 7.159904
300 0.000086 0.011460 400.000000 7.067138
300 0.000082 0.011433 500.000000 6.944445
300 0.000087 0.013756 600.000000 7.237636
300 0.000081 0.012104 700.000000 7.063572
300 0.000076 0.007395 800.000000 7.200720
310 0.000181 0.014621 100.000000 5.952381
310 0.000092 0.008706 200.000000 6.369427
310 0.000087 0.009251 300.000000 7.194244
310 0.000087 0.011180 400.000000 7.017544
310 0.000083 0.011555 500.000000 6.934813
310 0.000090 0.014298 600.000000 7.246377
310 0.000079 0.011741 700.000000 7.028112
310 0.000075 0.007342 800.000000 7.220217
320 0.000185 0.014912 100.000000 6.024096
320 0.000106 0.009462 200.000000 6.410256
320 0.000092 0.010685 300.000000 7.246377
320 0.000088 0.013192 400.000000 6.932409
320 0.000083 0.013284 500.000000 6.944445
320 0.000094 0.015395 600.000000 7.255139
320 0.000078 0.011456 700.000000 7.007007
320 0.000075 0.007795 800.000000 7.246377
330 0.000178 0.014347 100.000000 6.097561
330 0.000100 0.008474 200.000000 6.472492
330 0.000083 0.010235 300.000000 7.299270
330 0.000080 0.012640 400.000000 6.861063
330 0.000082 0.012753 500.000000 6.973501
330 0.000094 0.015223 600.000000 7.263923
330 0.000074 0.010858 700.000000 7.007007
330 0.000073 0.007598 800.000000 7.266122
340 0.000134 0.012485 100.000000 6.172840
340 0.000106 0.007885 200.000000 6.535948
340 0.000073 0.010347 300.000000 7.352941
340 0.000071 0.012243 400.000000 6.849315
340 0.000075 0.012563 500.000000 7.012623
340 0.000088 0.014899 600.000000 7.263923
340 0.000068 0.010319 700.000000 7.028112
340 0.000073 0.007690 800.000000 7.292616
350 0.000095 0.010933 100.000000 6.134969
350 0.000107 0.008037 200.000000 6.622517
350 0.000068 0.011251 300.000000 7.389163
350 0.000060 0.012532 400.000000 6.872852
350 0.000074 0.012711 500.000000 7.052186
350 0.000081 0.014736 600.000000 7.228916
350 0.000068 0.009944 700.000000 7.049345
350 0.000071 0.007870 800.000000 7.326007
360 0.000085 0.008996 100.000000 6.024096
360 0.000105 0.007347 200.000000 6.734007
360 0.000064 0.011046 300.000000 7.444169
360 0.000056 0.011586 400.000000 6.920415
360 0.000067 0.011959 500.000000 7.092198
360 0.000075 0.013950 600.000000 7.168459
360 0.000063 0.009438 700.000000 7.077857
360 0.000067 0.007755 800.000000 7.359705
370 0.000163 0.007914 100.000000 5.917160
370 0.000108 0.009449 200.000000 6.825939
370 0.000071 0.012912 300.000000 7.481297
370 0.000063 0.013271 400.000000 6.956522
370 0.000070 0.013121 500.000000 7.142857
370 0.000079 0.014508 600.000000 7.142857
370 0.000063 0.009600 700.000000 7.113821
370 0.000069 0.008310 800.000000 7.400555
380 0.000161 0.006638 100.000000 5.813953
380 0.000104 0.009655 200.000000 6.944445
380 0.000072 0.012241 300.000000 7.500000
380 0.000067 0.012707 400.000000 7.005254
380 0.000072 0.013125 500.000000 7.194244
380 0.000079 0.014488 600.000000 7.142857
380 0.000062 0.009558 700.000000 7.150153
380 0.000068 0.008235 800.000000 7.434944
390 0.000160 0.005663 100.000000 5.813953
390 0.000094 0.010807 200.000000 7.067138
390 0.000075 0.012686 300.000000 7.444169
390 0.000075 0.013240 400.000000 7.054674
390 0.000075 0.013757 500.000000 7.235890
390 0.000077 0.014569 600.000000 7.159904
390 0.000061 0.009678 700.000000 7.179487
390 0.000066 0.008436 800.000000 7.476635
400 0.000165 0.006483 100.000000 5.847953
400 0.000113 0.012771 200.000000 7.168459
400 0.000093 0.014181 300.000000 7.317073
400 0.000073 0.014588 400.000000 7.092198
400 0.000077 0.014577 500.000000 7.278020
400 0.000074 0.014494 600.000000 7.168459
400 0.000061 0.009865 700.000000 7.209063
400 0.000067 0.008930 800.000000 7.511737
410 0.000187 0.008968 100.000000 5.988024
410 0.000123 0.015623 200.000000 7.299270
410 0.000104 0.016708 300.000000 7.317073
410 0.000079 0.016612 400.000000 7.142857
410 0.000080 0.015701 500.000000 7.331378
410 0.000073 0.014580 600.000000 7.202881
410 0.000064 0.010233 700.000000 7.246377
410 0.000068 0.009703 800.000000 7.547170
420 0.000184 0.008582 100.000000 6.211180
420 0.000114 0.014562 200.000000 7.462687
420 0.000095 0.015467 300.000000 7.371007
420 0.000079 0.015554 400.000000 7.194244
420 0.000079 0.015276 500.000000 7.396450
420 0.000074 0.014287 600.000000 7.246377
420 0.000064 0.009972 700.000000 7.284079
420 0.000069 0.009303 800.000000 7.597341
430 0.000161 0.008712 100.000000 6.410256
430 0.000109 0.013841 200.000000 7.633588
430 0.000094 0.014377 300.000000 7.462687
430 0.000079 0.014793 400.000000 7.259528
430 0.000075 0.015064 500.000000 7.462687
430 0.000071 0.014057 600.000000 7.290401
430 0.000064 0.009813 700.000000 7.329843
430 0.000067 0.008951 800.000000 7.648183
440 0.000155 0.010516 100.000000 6.622517
440 0.000101 0.014516 200.000000 7.782101
440 0.000090 0.014733 300.000000 7.537688
440 0.000081 0.015293 400.000000 7.312614
440 0.000071 0.015627 500.000000 7.518797
440 0.000072 0.014136 600.000000 7.334963
440 0.000066 0.009926 700.000000 7.376185
440 0.000065 0.008998 800.000000 7.684918
450 0.000188 0.010893 100.000000 6.756757
450 0.000101 0.015169 200.000000 7.905138
450 0.000077 0.015354 300.000000 7.575758
450 0.000071 0.015293 400.000000 7.326007
450 0.000060 0.015338 500.000000 7.552870
450 0.000066 0.013541 600.000000 7.352941
450 0.000064 0.009836 700.000000 7.399577
450 0.000060 0.009044 800.000000 7.714561
460 0.000142 0.011067 100.000000 6.802721
460 0.000090 0.013738 200.000000 7.936508
460 0.000079 0.013688 300.000000 7.575758
460 0.000065 0.014358 400.000000 7.299270
460 0.000066 0.015250 500.000000 7.564297
460 0.000063 0.013244 600.000000 7.343941
460 0.000063 0.009390 700.000000 7.415254
460 0.000056 0.008446 800.000000 7.722008
470 0.000102 0.010047 100.000000 6.802721
470 0.000077 0.012159 200.000000 7.968128
470 0.000067 0.011925 300.000000 7.537688
470 0.000063 0.013168 400.000000 7.233273
470 0.000068 0.014856 500.000000 7.564297
470 0.000066 0.012785 600.000000 7.290401
470 0.000062 0.008870 700.000000 7.430998
470 0.000097 0.008073 800.000000 7.707129
480 0.000110 0.011974 100.000000 6.756757
480 0.000073 0.012529 200.000000 8.000000
480 0.000068 0.012488 300.000000 7.371007
480 0.000071 0.013820 400.000000 7.207207
480 0.000072 0.015545 500.000000 7.552870
480 0.000062 0.012517 600.000000 7.211538
480 0.000063 0.008826 700.000000 7.438895
480 0.000063 0.008107 800.000000 7.677543
490 0.000172 0.015181 100.000000 6.802721
490 0.000082 0.015769 200.000000 8.032128
490 0.000054 0.015167 300.000000 7.159904
490 0.000062 0.014908 400.000000 7.207207
490 0.000080 0.015840 500.000000 7.530120
490 0.000061 0.012159 600.000000 7.177033
490 0.000061 0.009273 700.000000 7.454739
490 0.000067 0.009008 800.000000 7.504691
500 0.000171 0.015863 100.000000 6.896552
500 0.000075 0.015771 200.000000 8.064516
500 0.000046 0.014372 300.000000 7.092198
500 0.000059 0.014530 400.000000 7.233273
500 0.000078 0.015857 500.000000 7.518797
500 0.000057 0.011875 600.000000 7.177033
500 0.000063 0.009133 700.000000 7.478632
500 0.000065 0.008854 800.000000 7.469655
510 0.000132 0.013638 100.000000 7.092198
510 0.000057 0.012712 200.000000 8.163265
510 0.000066 0.012493 300.000000 7.125891
510 0.000077 0.014271 400.000000 7.299270
510 0.000083 0.016569 500.000000 7.485030
510 0.000064 0.011561 600.000000 7.211538
510 0.000068 0.008385 700.000000 7.518797
510 0.000068 0.008154 800.000000 7.483630
520 0.000138 0.013863 100.000000 7.407407
520 0.000058 0.013084 200.000000 8.298756
520 0.000073 0.012990 300.000000 7.211538
520 0.000079 0.014631 400.000000 7.366483
520 0.000083 0.016926 500.000000 7.440476
520 0.000067 0.011386 600.000000 7.255139
520 0.000072 0.008363 700.000000 7.567567
520 0.000070 0.008443 800.000000 7.518797
530 0.000113 0.010120 100.000000 7.692307
530 0.000061 0.009493 200.000000 8.438819
530 0.000090 0.009255 300.000000 7.299270
530 0.000089 0.012920 400.000000 7.448790
530 0.000087 0.016763 500.000000 7.418397
530 0.000068 0.010926 600.000000 7.308161
530 0.000072 0.007347 700.000000 7.616975
530 0.000072 0.007796 800.000000 7.561437
540 0.000124 0.008474 100.000000 8.130081
540 0.000072 0.008211 200.000000 8.620689
540 0.000109 0.006551 300.000000 7.389163
540 0.000102 0.011725 400.000000 7.532957
540 0.000094 0.016756 500.000000 7.440476
540 0.000071 0.010467 600.000000 7.361963
540 0.000073 0.006493 700.000000 7.675438
540 0.000075 0.007503 800.000000 7.604563
550 0.000083 0.009232 100.000000 8.547009
550 0.000068 0.007334 200.000000 8.695652
550 0.000111 0.006577 300.000000 7.500000
550 0.000104 0.012625 400.000000 7.619048
550 0.000094 0.017150 500.000000 7.473842
550 0.000070 0.010374 600.000000 7.416564
550 0.000073 0.006237 700.000000 7.726269
550 0.000073 0.006748 800.000000 7.648183
560 0.000065 0.010013 100.000000 8.849558
560 0.000083 0.007310 200.000000 8.620689
560 0.000116 0.007490 300.000000 7.556675
560 0.000099 0.013375 400.000000 7.692307
560 0.000091 0.017149 500.000000 7.485030
560 0.000067 0.010219 600.000000 7.453416
560 0.000069 0.006152 700.000000 7.777778
560 0.000072 0.006195 800.000000 7.684918
570 0.000097 0.010828 100.000000 9.090909
570 0.000134 0.007464 200.000000 8.298756
570 0.000118 0.009986 300.000000 7.594937
570 0.000106 0.015037 400.000000 7.736944
570 0.000087 0.017226 500.000000 7.485030
570 0.000070 0.010051 600.000000 7.481297
570 0.000072 0.006274 700.000000 7.812500
570 0.000075 0.006166 800.000000 7.707129
580 0.000127 0.008374 100.000000 9.259259
580 0.000159 0.005629 200.000000 8.097166
580 0.000139 0.009783 300.000000 7.575758
580 0.000119 0.015670 400.000000 7.751938
580 0.000094 0.017072 500.000000 7.485030
580 0.000076 0.009433 600.000000 7.490637
580 0.000080 0.005932 700.000000 7.838746
580 0.000080 0.006970 800.000000 7.722008
590 0.000135 0.008481 100.000000 9.345795
590 0.000151 0.005443 200.000000 8.032128
590 0.000124 0.011032 300.000000 7.537688
590 0.000103 0.016368 400.000000 7.751938
590 0.000086 0.016245 500.000000 7.473842
590 0.000076 0.009119 600.000000 7.500000
590 0.000073 0.005832 700.000000 7.856341
590 0.000079 0.006743 800.000000 7.736944
600 0.000166 0.008246 100.000000 9.345795
600 0.000161 0.005696 200.000000 8.000000
600 0.000134 0.012072 300.000000 7.481297
600 0.000103 0.017170 400.000000 7.766990
600 0.000086 0.015769 500.000000 7.462687
600 0.000081 0.008633 600.000000 7.509387
600 0.000071 0.005714 700.000000 7.865169
600 0.000082 0.006884 800.000000 7.751938
610 0.000150 0.007301 100.000000 9.523809
610 0.000150 0.005701 200.000000 7.968128
610 0.000129 0.012631 300.000000 7.425743
610 0.000102 0.017738 400.000000 7.766990
610 0.000091 0.015213 500.000000 7.429420
610 0.000081 0.008257 600.000000 7.528231
610 0.000069 0.005907 700.000000 7.865169
610 0.000082 0.007533 800.000000 7.759457
620 0.000118 0.006786 100.000000 9.615385
620 0.000139 0.005931 200.000000 7.874016
620 0.000119 0.012815 300.000000 7.352941
620 0.000100 0.017740 400.000000 7.766990
620 0.000088 0.014421 500.000000 7.342144
620 0.000077 0.007988 600.000000 7.547170
620 0.000097 0.006269 700.000000 7.838746
620 0.000080 0.007958 800.000000 7.774539
630 0.000099 0.005887 100.000000 9.615385
630 0.000143 0.005115 200.000000 7.518797
630 0.000117 0.013156 300.000000 7.334963
630 0.000111 0.018350 400.000000 7.736944
630 0.000082 0.013800 500.000000 7.267442
630 0.000072 0.007604 600.000000 7.556675
630 0.000077 0.006085 700.000000 7.769145
630 0.000079 0.008157 800.000000 7.789679
640 0.000059 0.006674 100.000000 9.615385
640 0.000128 0.008428 200.000000 7.220217
640 0.000105 0.014488 300.000000 7.334963
640 0.000110 0.018479 400.000000 7.707129
640 0.000071 0.012623 500.000000 7.225433
640 0.000070 0.007563 600.000000 7.566204
640 0.000077 0.006426 700.000000 7.567567
640 0.000076 0.008178 800.000000 7.797271
650 0.000051 0.005769 100.000000 9.433962
650 0.000140 0.006225 200.000000 7.117438
650 0.000119 0.014543 300.000000 7.334963
650 0.000104 0.019439 400.000000 7.561437
650 0.000073 0.012406 500.000000 7.215007
650 0.000074 0.007046 600.000000 7.575758
650 0.000077 0.005867 700.000000 7.534984
650 0.000078 0.008495 800.000000 7.804878
660 0.000047 0.006502 100.000000 9.174312
660 0.000139 0.008166 200.000000 7.067138
660 0.000119 0.015731 300.000000 7.334963
660 0.000099 0.020067 400.000000 7.299270
660 0.000071 0.011828 500.000000 7.215007
660 0.000073 0.006805 600.000000 7.585335
660 0.000076 0.005880 700.000000 7.526882
660 0.000076 0.008708 800.000000 7.812500
670 0.000141 0.007326 100.000000 8.403361
670 0.000170 0.009259 200.000000 7.017544
670 0.000125 0.017229 300.000000 7.334963
670 0.000109 0.020722 400.000000 7.194244
670 0.000072 0.011487 500.000000 7.215007
670 0.000077 0.006521 600.000000 7.604563
670 0.000079 0.005923 700.000000 7.526882
670 0.000080 0.009291 800.000000 7.827789
680 0.000205 0.007316 100.000000 7.407407
680 0.000169 0.009420 200.000000 6.968641
680 0.000133 0.017621 300.000000 7.334963
680 0.000094 0.020145 400.000000 7.142857
680 0.000075 0.011083 500.000000 7.204611
680 0.000072 0.006321 600.000000 7.623888
680 0.000078 0.006176 700.000000 7.534984
680 0.000078 0.010111 800.000000 7.835455
690 0.000225 0.005278 100.000000 7.092198
690 0.000175 0.010839 200.000000 6.896552
690 0.000127 0.017961 300.000000 7.317073
690 0.000087 0.018673 400.000000 7.117438
690 0.000073 0.010370 500.000000 7.204611
690 0.000071 0.006335 600.000000 7.633588
690 0.000075 0.006569 700.000000 7.534984
690 0.000075 0.010433 800.000000 7.850834
700 0.000191 0.004951 100.000000 6.944445
700 0.000158 0.012009 200.000000 6.825939
700 0.000110 0.018289 300.000000 7.317073
700 0.000078 0.017643 400.000000 7.092198
700 0.000073 0.009813 500.000000 7.204611
700 0.000064 0.006341 600.000000 7.643312
700 0.000078 0.006836 700.000000 7.543103
700 0.000073 0.010864 800.000000 7.858546
710 0.000183 0.005684 100.000000 6.849315
710 0.000142 0.013331 200.000000 6.711410
710 0.000114 0.018969 300.000000 7.299270
710 0.000080 0.016892 400.000000 7.054674
710 0.000071 0.009335 500.000000 7.215007
710 0.000059 0.006461 600.000000 7.633588
710 0.000071 0.007000 700.000000 7.551240
710 0.000073 0.011158 800.000000 7.866273
720 0.000195 0.005841 100.000000 6.666667
720 0.000135 0.014727 200.000000 6.578948
720 0.000110 0.019944 300.000000 7.281553
720 0.000089 0.016374 400.000000 6.956522
720 0.000072 0.009039 500.000000 7.215007
720 0.000117 0.006563 600.000000 7.604563
720 0.000076 0.007365 700.000000 7.559395
720 0.000078 0.011791 800.000000 7.866273
730 0.000198 0.006428 100.000000 6.250000
730 0.000153 0.016117 200.000000 6.514658
730 0.000112 0.020486 300.000000 7.246377
730 0.000078 0.015253 400.000000 6.837607
730 0.000070 0.008700 500.000000 7.225433
730 0.000070 0.006819 600.000000 7.547170
730 0.000077 0.007910 700.000000 7.567567
730 0.000076 0.012405 800.000000 7.858546
740 0.000245 0.008691 100.000000 5.780347
740 0.000155 0.018681 200.000000 6.514658
740 0.000133 0.022875 300.000000 7.194244
740 0.000082 0.015144 400.000000 6.791172
740 0.000073 0.008572 500.000000 7.235890
740 0.000087 0.006943 600.000000 7.308161
740 0.000082 0.008693 700.000000 7.575758
740 0.000077 0.013421 800.000000 7.858546
750 0.000235 0.012060 100.000000 5.649717
750 0.000156 0.020502 200.000000 6.535948
750 0.000129 0.023937 300.000000 7.109005
750 0.000083 0.014280 400.000000 6.791172
750 0.000082 0.008231 500.000000 7.256894
750 0.000088 0.007079 600.000000 7.272727
750 0.000085 0.009315 700.000000 7.592191
750 0.000078 0.014162 800.000000 7.850834
760 0.000226 0.014304 100.000000 5.649717
760 0.000144 0.019826 200.000000 6.600660
760 0.000113 0.022428 300.000000 6.912442
760 0.000079 0.012356 400.000000 6.814310
760 0.000084 0.007580 500.000000 7.288630
760 0.000082 0.007276 600.000000 7.272727
760 0.000082 0.009640 700.000000 7.616975
760 0.000072 0.014196 800.000000 7.850834
770 0.000266 0.015264 100.000000 5.714286
770 0.000153 0.021211 200.000000 6.666667
770 0.000119 0.023491 300.000000 6.802721
770 0.000077 0.012595 400.000000 6.849315
770 0.000080 0.007737 500.000000 7.331378
770 0.000081 0.007303 600.000000 7.299270
770 0.000082 0.009816 700.000000 7.650273
770 0.000077 0.014463 800.000000 7.850834
780 0.000249 0.014144 100.000000 5.813953
780 0.000145 0.020376 200.000000 6.756757
780 0.000112 0.022296 300.000000 6.802721
780 0.000070 0.012153 400.000000 6.896552
780 0.000075 0.007811 500.000000 7.396450
780 0.000077 0.007397 600.000000 7.343941
780 0.000078 0.009753 700.000000 7.700770
780 0.000072 0.014229 800.000000 7.843137
790 0.000221 0.011946 100.000000 5.988024
790 0.000129 0.017660 200.000000 6.896552
790 0.000099 0.019263 300.000000 6.864988
790 0.000063 0.010787 400.000000 6.968641
790 0.000065 0.007562 500.000000 7.462687
790 0.000070 0.007543 600.000000 7.398274
790 0.000071 0.009714 700.000000 7.751938
790 0.000068 0.013789 800.000000 7.835455
800 0.000232 0.008711 100.000000 6.211180
800 0.000132 0.015631 200.000000 7.042253
800 0.000088 0.017747 300.000000 6.928406
800 0.000061 0.010454 400.000000 7.042253
800 0.000061 0.007582 500.000000 7.541478
800 0.000067 0.007643 600.000000 7.462687
800 0.000067 0.009826 700.000000 7.812500
800 0.000067 0.013760 800.000000 7.835455
810 0.000175 0.008736 100.000000 6.451613
810 0.000117 0.013703 200.000000 7.220217
810 0.000075 0.015163 300.000000 7.009346
810 0.000058 0.009068 400.000000 7.117438
810 0.000059 0.007381 500.000000 7.621951
810 0.000062 0.007923 600.000000 7.518797
810 0.000066 0.009968 700.000000 7.874016
810 0.000066 0.013693 800.000000 7.812500
820 0.000205 0.009985 100.000000 6.622517
820 0.000122 0.014917 200.000000 7.326007
820 0.000076 0.015584 300.000000 7.075472
820 0.000058 0.009307 400.000000 7.181329
820 0.000058 0.007564 500.000000 7.692307
820 0.000063 0.008032 600.000000 7.566204
820 0.000065 0.010296 700.000000 7.918552
820 0.000065 0.014002 800.000000 7.782101
830 0.000160 0.007993 100.000000 6.666667
830 0.000113 0.011101 200.000000 7.407407
830 0.000066 0.011174 300.000000 7.109005
830 0.000057 0.006989 400.000000 7.220217
830 0.000057 0.007123 500.000000 7.739938
830 0.000057 0.008254 600.000000 7.604563
830 0.000059 0.010388 700.000000 7.963595
830 0.000062 0.013561 800.000000 7.766990
840 0.000151 0.009864 100.000000 6.622517
840 0.000117 0.012681 200.000000 7.462687
840 0.000069 0.011938 300.000000 7.109005
840 0.000063 0.007271 400.000000 7.246377
840 0.000059 0.007285 500.000000 7.776050
840 0.000062 0.008455 600.000000 7.633588
840 0.000062 0.011010 700.000000 7.990868
840 0.000066 0.014037 800.000000 7.766990
850 0.000159 0.010237 100.000000 6.535948
850 0.000127 0.012726 200.000000 7.490637
850 0.000078 0.011527 300.000000 7.109005
850 0.000070 0.006756 400.000000 7.272727
850 0.000060 0.007373 500.000000 7.788162
850 0.000066 0.008795 600.000000 7.653061
850 0.000063 0.011789 700.000000 8.009153
850 0.000068 0.014436 800.000000 7.782101
860 0.000168 0.013407 100.000000 6.451613
860 0.000121 0.015401 200.000000 7.518797
860 0.000080 0.012752 300.000000 7.075472
860 0.000071 0.007576 400.000000 7.299270
860 0.000067 0.007626 500.000000 7.800312
860 0.000064 0.008730 600.000000 7.682458
860 0.000065 0.011973 700.000000 8.027523
860 0.000070 0.014415 800.000000 7.804878
870 0.000129 0.012361 100.000000 6.410256
870 0.000116 0.013609 200.000000 7.575758
870 0.000076 0.010498 300.000000 7.009346
870 0.000071 0.006514 400.000000 7.352941
870 0.000127 0.007661 500.000000 7.800312
870 0.000065 0.009079 600.000000 7.712082
870 0.000066 0.012274 700.000000 8.064516
870 0.000072 0.014368 800.000000 7.835455
880 0.000117 0.013238 100.000000 6.578948
880 0.000118 0.013935 200.000000 7.692307
880 0.000072 0.009711 300.000000 7.009346
880 0.000071 0.006336 400.000000 7.421150
880 0.000064 0.007741 500.000000 7.836991
880 0.000065 0.009144 600.000000 7.772021
880 0.000065 0.012471 700.000000 8.101851
880 0.000072 0.014372 800.000000 7.881773
890 0.000124 0.011506 100.000000 6.802721
890 0.000115 0.012158 200.000000 7.843137
890 0.000068 0.007729 300.000000 7.042253
890 0.000074 0.005296 400.000000 7.518797
890 0.000069 0.007662 500.000000 7.861635
890 0.000066 0.009302 600.000000 7.832898
890 0.000066 0.012533 700.000000 8.158508
890 0.000073 0.014229 800.000000 7.936508
900 0.000120 0.011569 100.000000 7.042253
900 0.000126 0.013030 200.000000 8.000000
900 0.000075 0.007785 300.000000 7.109005
900 0.000077 0.004750 400.000000 7.604563
900 0.000077 0.007495 500.000000 7.788162
900 0.000070 0.009562 600.000000 7.905138
900 0.000066 0.013131 700.000000 8.215962
900 0.000077 0.014937 800.000000 7.984032
910 0.000139 0.009373 100.000000 7.352941
910 0.000129 0.012533 200.000000 8.163265
910 0.000077 0.007662 300.000000 7.177033
910 0.000083 0.004413 400.000000 7.692307
910 0.000077 0.007803 500.000000 7.704160
910 0.000068 0.010093 600.000000 7.968128
910 0.000062 0.013567 700.000000 8.264462
910 0.000075 0.015017 800.000000 8.040201
920 0.000144 0.011002 100.000000 7.575758
920 0.000142 0.014724 200.000000 8.196721
920 0.000083 0.008095 300.000000 7.228916
920 0.000089 0.004207 400.000000 7.766990
920 0.000080 0.007627 500.000000 7.704160
920 0.000075 0.010328 600.000000 8.021390
920 0.000068 0.014130 700.000000 8.293839
920 0.000080 0.015700 800.000000 8.080808
930 0.000144 0.010724 100.000000 7.751938
930 0.000137 0.014870 200.000000 8.000000
930 0.000097 0.007422 300.000000 7.263923
930 0.000098 0.003456 400.000000 7.812500
930 0.000081 0.007867 500.000000 7.704160
930 0.000077 0.010978 600.000000 8.053691
930 0.000067 0.014791 700.000000 8.303678
930 0.000083 0.016136 800.000000 8.105370
940 0.000122 0.009575 100.000000 7.874016
940 0.000143 0.012972 200.000000 7.575758
940 0.000090 0.005451 300.000000 7.299270
940 0.000095 0.003674 400.000000 7.858546
940 0.000077 0.008078 500.000000 7.704160
940 0.000075 0.010708 600.000000 8.086253
940 0.000065 0.014228 700.000000 8.293839
940 0.000082 0.015294 800.000000 8.130081
950 0.000132 0.009070 100.000000 7.936508
950 0.000127 0.011609 200.000000 7.380074
950 0.000086 0.004282 300.000000 7.317073
950 0.000086 0.005060 400.000000 7.905138
950 0.000068 0.008637 500.000000 7.727975
950 0.000067 0.010732 600.000000 8.119080
950 0.000062 0.013949 700.000000 8.235294
950 0.000079 0.014548 800.000000 8.154943
960 0.000131 0.008416 100.000000 8.064516
960 0.000117 0.010089 200.000000 7.299270
960 0.000083 0.003384 300.000000 7.334963
960 0.000084 0.006062 400.000000 7.952286
960 0.000061 0.009322 500.000000 7.751938
960 0.000060 0.011131 600.000000 8.141112
960 0.000059 0.013935 700.000000 8.101851
960 0.000073 0.014080 800.000000 8.171603
970 0.000133 0.008210 100.000000 8.130081
970 0.000103 0.008814 200.000000 7.299270
970 0.000081 0.003014 300.000000 7.371007
970 0.000079 0.006613 400.000000 8.000000
970 0.000061 0.009478 500.000000 7.776050
970 0.000060 0.011194 600.000000 8.174387
970 0.000059 0.013895 700.000000 7.972665
970 0.000075 0.013903 800.000000 8.196721
980 0.000138 0.008268 100.000000 8.264462
980 0.000111 0.008394 200.000000 7.299270
980 0.000084 0.002308 300.000000 7.407407
980 0.000079 0.006767 400.000000 8.048289
980 0.000063 0.009679 500.000000 7.812500
980 0.000060 0.011600 600.000000 8.219178
980 0.000062 0.014157 700.000000 7.936508
980 0.000078 0.014340 800.000000 8.213552
990 0.000163 0.008395 100.000000 8.403361
990 0.000117 0.008047 200.000000 7.352941
990 0.000091 0.002848 300.000000 7.444169
990 0.000079 0.007325 400.000000 8.097166
990 0.000067 0.009967 500.000000 7.849294
990 0.000063 0.012120 600.000000 8.253095
990 0.000065 0.014407 700.000000 7.954545
990 0.000079 0.014844 800.000000 8.238929
1000 0.000168 0.008427 100.000000 8.620689
1000 0.000114 0.007951 200.000000 7.380074
1000 0.000094 0.002206 300.000000 7.518797
1000 0.000080 0.007428 400.000000 8.146640
1000 0.000070 0.009945 500.000000 7.898894
1000 0.000064 0.012289 600.000000 8.298756
1000 0.000068 0.014255 700.000000 7.981756
1000 0.000079 0.015003 800.000000 8.273009
1010 0.000177 0.008659 100.000000 8.849558
1010 0.000107 0.007669 200.000000 7.407407
1010 0.000096 0.003170 300.000000 7.594937
1010 0.000073 0.007914 400.000000 8.196721
1010 0.000067 0.010018 500.000000 7.949126
1010 0.000064 0.012508 600.000000 8.344924
1010 0.000068 0.014311 700.000000 8.018328
1010 0.000077 0.015276 800.000000 8.298756
1020 0.000151 0.009260 100.000000 9.090909
1020 0.000097 0.007127 200.000000 7.352941
1020 0.000092 0.003117 300.000000 7.672634
1020 0.000148 0.007400 400.000000 8.213552
1020 0.000071 0.009264 500.000000 8.000000
1020 0.000069 0.012069 600.000000 8.379889
1020 0.000074 0.013897 700.000000 8.064516
1020 0.000077 0.015425 800.000000 8.333333
1030 0.000161 0.010007 100.000000 9.174312
1030 0.000094 0.006382 200.000000 7.220217
1030 0.000092 0.003185 300.000000 7.731959
1030 0.000078 0.007469 400.000000 8.213552
1030 0.000070 0.009143 500.000000 8.038586
1030 0.000068 0.012000 600.000000 8.415147
1030 0.000075 0.013734 700.000000 8.101851
1030 0.000076 0.015551 800.000000 8.350731
1040 0.000171 0.010356 100.000000 9.090909
1040 0.000101 0.006490 200.000000 7.092198
1040 0.000097 0.002709 300.000000 7.772021
1040 0.000084 0.007710 400.000000 7.984032
1040 0.000075 0.009324 500.000000 8.077544
1040 0.000067 0.012043 600.000000 8.426967
1040 0.000078 0.013457 700.000000 8.130081
1040 0.000078 0.015513 800.000000 8.368201
1050 0.000181 0.010831 100.000000 8.849558
1050 0.000092 0.005678 200.000000 7.042253
1050 0.000104 0.003514 300.000000 7.792208
1050 0.000075 0.008054 400.000000 7.707129
1050 0.000075 0.009253 500.000000 8.090615
1050 0.000063 0.011484 600.000000 8.415147
1050 0.000077 0.012542 700.000000 8.139535
1050 0.000078 0.014538 800.000000 8.368201
1060 0.000156 0.010508 100.000000 7.874016
1060 0.000095 0.004448 200.000000 7.017544
1060 0.000103 0.003732 300.000000 7.812500
1060 0.000075 0.007429 400.000000 7.662835
1060 0.000072 0.008492 500.000000 8.103727
1060 0.000061 0.010868 600.000000 8.379889
1060 0.000081 0.012196 700.000000 8.149011
1060 0.000080 0.014341 800.000000 8.368201
1070 0.000196 0.010764 100.000000 6.944445
1070 0.000096 0.003536 200.000000 6.993007
1070 0.000099 0.004525 300.000000 7.832898
1070 0.000064 0.007436 400.000000 7.648183
1070 0.000068 0.007932 500.000000 8.116883
1070 0.000063 0.010116 600.000000 8.310249
1070 0.000080 0.011334 700.000000 8.158508
1070 0.000079 0.013377 800.000000 8.376964
1080 0.000149 0.009977 100.000000 6.666667
1080 0.000075 0.003353 200.000000 6.993007
1080 0.000088 0.006185 300.000000 7.874016
1080 0.000060 0.007836 400.000000 7.648183
1080 0.000057 0.007534 500.000000 8.143323
1080 0.000056 0.009143 600.000000 8.163265
1080 0.000072 0.010153 700.000000 8.168028
1080 0.000072 0.011743 800.000000 8.394544
1090 0.000100 0.009369 100.000000 6.535948
1090 0.000067 0.004033 200.000000 6.993007
1090 0.000074 0.006494 300.000000 7.915567
1090 0.000054 0.007065 400.000000 7.677543
1090 0.000056 0.006513 500.000000 8.169934
1090 0.000055 0.008399 600.000000 7.947020
1090 0.000074 0.009672 700.000000 8.187135
1090 0.000066 0.011243 800.000000 8.403361
1100 0.000155 0.009302 100.000000 6.493506
1100 0.000090 0.002888 200.000000 6.993007
1100 0.000083 0.006382 300.000000 7.957560
1100 0.000062 0.007166 400.000000 7.692307
1100 0.000062 0.006939 500.000000 8.183306
1100 0.000062 0.008637 600.000000 7.874016
1100 0.000080 0.010284 700.000000 8.196721
1100 0.000065 0.011969 800.000000 8.412198
1110 0.000177 0.008512 100.000000 6.451613
1110 0.000095 0.001602 200.000000 7.017544
1110 0.000087 0.004651 300.000000 7.978724
1110 0.000084 0.005641 400.000000 7.707129
1110 0.000073 0.007132 500.000000 8.210180
1110 0.000074 0.009886 600.000000 7.863696
1110 0.000087 0.012916 700.000000 8.206330
1110 0.000067 0.014476 800.000000 8.412198
1120 0.000144 0.010033 100.000000 6.329114
1120 0.000113 0.002255 200.000000 7.042253
1120 0.000077 0.006138 300.000000 7.978724
1120 0.000075 0.006052 400.000000 7.722008
1120 0.000072 0.006611 500.000000 8.223684
1120 0.000073 0.008529 600.000000 7.874016
1120 0.000081 0.011638 700.000000 8.215962
1120 0.000060 0.013168 800.000000 8.350731
1130 0.000131 0.009065 100.000000 6.097561
1130 0.000092 0.002736 200.000000 7.092198
1130 0.000166 0.005781 300.000000 7.936508
1130 0.000076 0.004427 400.000000 7.751938
1130 0.000073 0.005587 500.000000 8.237232
1130 0.000075 0.008254 600.000000 7.905138
1130 0.000076 0.011992 700.000000 8.225616
1130 0.000061 0.012970 800.000000 8.205129
1140 0.000119 0.008400 100.000000 5.847953
1140 0.000094 0.003560 200.000000 7.142857
1140 0.000081 0.005613 300.000000 7.874016
1140 0.000072 0.003941 400.000000 7.797271
1140 0.000063 0.004595 500.000000 8.264462
1140 0.000072 0.007619 600.000000 7.936508
1140 0.000073 0.011675 700.000000 8.235294
1140 0.000061 0.012249 800.000000 8.171603
1150 0.000114 0.007881 100.000000 5.747127
1150 0.000074 0.005696 200.000000 7.220217
1150 0.000068 0.007510 300.000000 7.518797
1150 0.000062 0.005322 400.000000 7.827789
1150 0.000060 0.004265 500.000000 8.278146
1150 0.000068 0.006361 600.000000 7.968128
1150 0.000069 0.010112 700.000000 8.254717
1150 0.000057 0.010505 800.000000 8.171603
1160 0.000128 0.007055 100.000000 5.780347
1160 0.000107 0.009990 200.000000 7.299270
1160 0.000041 0.011578 300.000000 7.371007
1160 0.000046 0.009025 400.000000 7.889546
1160 0.000042 0.007030 500.000000 8.305648
1160 0.000060 0.006606 600.000000 8.010681
1160 0.000063 0.008683 700.000000 8.284023
1160 0.000052 0.008929 800.000000 8.196721
1170 0.000082 0.006398 100.000000 5.917160
1170 0.000079 0.007066 200.000000 7.434944
1170 0.000049 0.007355 300.000000 7.407407
1170 0.000057 0.005059 400.000000 7.968128
1170 0.000048 0.004858 500.000000 8.347245
1170 0.000069 0.007300 600.000000 8.064516
1170 0.000069 0.010356 700.000000 8.333333
1170 0.000056 0.009854 800.000000 8.238929
1180 0.000065 0.006297 100.000000 6.134969
1180 0.000081 0.006112 200.000000 7.633588
1180 0.000053 0.005975 300.000000 7.500000
1180 0.000063 0.004322 400.000000 8.080808
1180 0.000050 0.005522 500.000000 8.417508
1180 0.000074 0.008534 600.000000 8.141112
1180 0.000073 0.011598 700.000000 8.393286
1180 0.000059 0.010541 800.000000 8.290155
1190 0.000044 0.007560 100.000000 6.369427
1190 0.000078 0.005528 200.000000 7.843137
1190 0.000053 0.004409 300.000000 7.614213
1190 0.000066 0.004121 400.000000 8.196721
1190 0.000050 0.006499 500.000000 8.503402
1190 0.000079 0.009892 600.000000 8.219178
1190 0.000076 0.012637 700.000000 8.464329
1190 0.000059 0.011154 800.000000 8.359457
1200 0.000073 0.007523 100.000000 6.666667
1200 0.000048 0.005270 200.000000 8.064516
1200 0.000051 0.003720 300.000000 7.751938
1200 0.000064 0.005269 400.000000 8.316009
1200 0.000052 0.008421 500.000000 8.576329
1200 0.000082 0.011213 600.000000 8.298756
1200 0.000076 0.013117 700.000000 8.536586
1200 0.000055 0.011094 800.000000 8.421053
1210 0.000101 0.007948 100.000000 6.896552
1210 0.000048 0.006203 200.000000 8.264462
1210 0.000047 0.004502 300.000000 7.853403
1210 0.000056 0.004793 400.000000 8.421053
1210 0.000052 0.007355 500.000000 8.620689
1210 0.000080 0.010257 600.000000 8.368201
1210 0.000074 0.012203 700.000000 8.599508
1210 0.000054 0.010353 800.000000 8.474576
1220 0.000103 0.008472 100.000000 7.142857
1220 0.000047 0.007158 200.000000 8.438819
1220 0.000043 0.005243 300.000000 7.936508
1220 0.000055 0.004820 400.000000 8.510638
1220 0.000049 0.006787 500.000000 8.605852
1220 0.000075 0.009781 600.000000 8.426967
1220 0.000073 0.011639 700.000000 8.652658
1220 0.000054 0.009837 800.000000 8.528785
1230 0.000087 0.008314 100.000000 7.299270
1230 0.000059 0.007561 200.000000 8.620689
1230 0.000048 0.005766 300.000000 8.021390
1230 0.000058 0.004790 400.000000 8.602151
1230 0.000056 0.006492 500.000000 8.488964
1230 0.000076 0.009824 600.000000 8.474576
1230 0.000072 0.011706 700.000000 8.706468
1230 0.000054 0.009688 800.000000 8.565310
1240 0.000028 0.006966 100.000000 7.407407
1240 0.000065 0.005243 200.000000 8.771930
1240 0.000061 0.004543 300.000000 8.086253
1240 0.000068 0.006443 400.000000 8.658009
1240 0.000066 0.009693 500.000000 8.291874
1240 0.000088 0.012769 600.000000 8.522727
1240 0.000073 0.014104 700.000000 8.739077
1240 0.000065 0.010856 800.000000 8.602151
1250 0.000047 0.007110 100.000000 7.462687
1250 0.000065 0.005726 200.000000 8.888889
1250 0.000060 0.004886 300.000000 8.152174
1250 0.000066 0.006650 400.000000 8.714597
1250 0.000069 0.009948 500.000000 8.210180
1250 0.000093 0.013129 600.000000 8.547009
1250 0.000070 0.014335 700.000000 8.760951
1250 0.000065 0.010701 800.000000 8.639309
1260 0.000044 0.007582 100.000000 7.575758
1260 0.000049 0.005074 200.000000 8.968610
1260 0.000074 0.006559 300.000000 8.196721
1260 0.000072 0.010347 400.000000 8.771930
1260 0.000075 0.013680 500.000000 8.196721
1260 0.000098 0.015901 600.000000 8.571428
1260 0.000068 0.015895 700.000000 8.782936
1260 0.000064 0.011297 800.000000 8.658009
1270 0.000072 0.007661 100.000000 7.692307
1270 0.000056 0.005671 200.000000 9.049774
1270 0.000088 0.005678 300.000000 8.241758
1270 0.000071 0.008581 400.000000 8.810573
1270 0.000077 0.011961 500.000000 8.223684
1270 0.000093 0.015168 600.000000 8.595988
1270 0.000065 0.015568 700.000000 8.760951
1270 0.000067 0.010928 800.000000 8.695652
1280 0.000083 0.008461 100.000000 7.936508
1280 0.000042 0.007351 200.000000 9.132421
1280 0.000074 0.005726 300.000000 8.333333
1280 0.000069 0.007368 400.000000 8.888889
1280 0.000072 0.010519 500.000000 8.291874
1280 0.000086 0.013871 600.000000 8.633094
1280 0.000059 0.014316 700.000000 8.717310
1280 0.000066 0.009998 800.000000 8.733624
1290 0.000092 0.009180 100.000000 8.264462
1290 0.000180 0.010032 200.000000 9.259259
1290 0.000069 0.006150 300.000000 8.450705
1290 0.000065 0.006816 400.000000 8.988764
1290 0.000074 0.009660 500.000000 8.361204
1290 0.000079 0.012910 600.000000 8.695652
1290 0.000059 0.013321 700.000000 8.631319
1290 0.000065 0.009296 800.000000 8.781559
1300 0.000098 0.008930 100.000000 8.620689
1300 0.000158 0.009547 200.000000 9.389671
1300 0.000069 0.006243 300.000000 8.595988
1300 0.000071 0.007313 400.000000 9.090909
1300 0.000074 0.010088 500.000000 8.445946
1300 0.000079 0.013123 600.000000 8.759124
1300 0.000059 0.013120 700.000000 8.620689
1300 0.000068 0.009062 800.000000 8.839779
1310 0.000112 0.007251 100.000000 9.090909
1310 0.000076 0.007540 200.000000 9.478673
1310 0.000079 0.006208 300.000000 8.720930
1310 0.000071 0.009030 400.000000 9.195402
1310 0.000081 0.012031 500.000000 8.532423
1310 0.000082 0.014873 600.000000 8.823529
1310 0.000062 0.014048 700.000000 8.641975
1310 0.000069 0.009394 800.000000 8.888889
1320 0.000098 0.008066 100.000000 9.433962
1320 0.000085 0.007647 200.000000 9.049774
1320 0.000077 0.006395 300.000000 8.849558
1320 0.000068 0.009288 400.000000 9.259259
1320 0.000085 0.012293 500.000000 8.605852
1320 0.000084 0.015186 600.000000 8.875740
1320 0.000064 0.013938 700.000000 8.674102
1320 0.000072 0.009399 800.000000 8.938547
1330 0.000132 0.008533 100.000000 9.708738
1330 0.000091 0.007261 200.000000 8.510638
1330 0.000087 0.006577 300.000000 8.928572
1330 0.000079 0.009701 400.000000 9.280743
1330 0.000089 0.012962 500.000000 8.650519
1330 0.000087 0.015905 600.000000 8.902077
1330 0.000065 0.014058 700.000000 8.695652
1330 0.000075 0.009666 800.000000 8.968610
1340 0.000137 0.007835 100.000000 9.900990
1340 0.000105 0.005899 200.000000 8.403361
1340 0.000097 0.007361 300.000000 8.982036
1340 0.000074 0.011139 400.000000 9.280743
1340 0.000097 0.014529 500.000000 8.680555
1340 0.000091 0.017049 600.000000 8.928572
1340 0.000068 0.014384 700.000000 8.717310
1340 0.000074 0.010183 800.000000 8.998875
1350 0.000155 0.006992 100.000000 10.101010
1350 0.000099 0.005744 200.000000 8.368201
1350 0.000110 0.008660 300.000000 9.036144
1350 0.000082 0.012659 400.000000 9.195402
1350 0.000104 0.016090 500.000000 8.710801
1350 0.000097 0.018055 600.000000 8.941877
1350 0.000069 0.014580 700.000000 8.739077
1350 0.000074 0.010508 800.000000 9.009009
1360 0.000147 0.006556 100.000000 10.204082
1360 0.000109 0.006050 200.000000 8.403361
1360 0.000103 0.009782 300.000000 9.063444
1360 0.000088 0.013478 400.000000 9.029346
1360 0.000107 0.017111 500.000000 8.726004
1360 0.000098 0.018423 600.000000 8.968610
1360 0.000072 0.014267 700.000000 8.760951
1360 0.000077 0.010534 800.000000 9.029346
1370 0.000127 0.006275 100.000000 10.526316
1370 0.000112 0.006263 200.000000 8.438819
1370 0.000108 0.009993 300.000000 9.118541
1370 0.000090 0.013717 400.000000 8.658009
1370 0.000107 0.016891 500.000000 8.756567
1370 0.000089 0.017707 600.000000 8.982036
1370 0.000073 0.013200 700.000000 8.782936
1370 0.000076 0.010158 800.000000 9.039548
1380 0.000104 0.005767 100.000000 10.638298
1380 0.000102 0.007909 200.000000 8.474576
1380 0.000102 0.012610 300.000000 9.174312
1380 0.000093 0.016259 400.000000 8.403361
1380 0.000116 0.018228 500.000000 8.771930
1380 0.000085 0.017923 600.000000 8.995502
1380 0.000073 0.012740 700.000000 8.805032
1380 0.000074 0.010185 800.000000 9.049774
1390 0.000077 0.006087 100.000000 10.752688
1390 0.000102 0.007283 200.000000 8.510638
1390 0.000089 0.011427 300.000000 9.202454
1390 0.000089 0.014622 400.000000 8.350731
1390 0.000113 0.016905 500.000000 8.787346
1390 0.000073 0.016624 600.000000 8.995502
1390 0.000070 0.011709 700.000000 8.827238
1390 0.000070 0.010300 800.000000 9.049774
1400 0.000020 0.006488 100.000000 10.752688
1400 0.000117 0.008848 200.000000 8.510638
1400 0.000084 0.012789 300.000000 9.230769
1400 0.000088 0.015617 400.000000 8.350731
1400 0.000106 0.017444 500.000000 8.771930
1400 0.000068 0.016291 600.000000 8.928572
1400 0.000067 0.011232 700.000000 8.838384
1400 0.000069 0.010487 800.000000 9.039548
1410 0.000324 0.010793 100.000000 10.309278
1410 0.000110 0.009252 200.000000 8.510638
1410 0.000097 0.012810 300.000000 9.202454
1410 0.000092 0.015334 400.000000 8.368201
1410 0.000096 0.017132 500.000000 8.771930
1410 0.000062 0.015522 600.000000 8.670520
1410 0.000067 0.010670 700.000000 8.849558
1410 0.000066 0.010630 800.000000 8.978676
1420 0.000092 0.007188 100.000000 9.615385
1420 0.000125 0.011173 200.000000 8.510638
1420 0.000102 0.014929 300.000000 9.174312
1420 0.000101 0.017313 400.000000 8.385744
1420 0.000100 0.018852 500.000000 8.741259
1420 0.000068 0.016069 600.000000 8.559201
1420 0.000071 0.010922 700.000000 8.849558
1420 0.000066 0.011098 800.000000 8.064516
1430 0.000199 0.006834 100.000000 7.575758
1430 0.000125 0.013344 200.000000 8.510638
1430 0.000103 0.017238 300.000000 9.118541
1430 0.000108 0.018886 400.000000 8.385744
1430 0.000100 0.019493 500.000000 8.741259
1430 0.000067 0.015590 600.000000 8.522727
1430 0.000074 0.010786 700.000000 8.860760
1430 0.000067 0.010961 800.000000 7.984032
1440 0.000166 0.006485 100.000000 7.194244
1440 0.000111 0.012171 200.000000 8.547009
1440 0.000081 0.015817 300.000000 9.036144
1440 0.000106 0.016609 400.000000 8.403361
1440 0.000101 0.016762 500.000000 8.726004
1440 0.000060 0.013114 600.000000 8.522727
1440 0.000068 0.009850 700.000000 8.860760
1440 0.000065 0.010399 800.000000 7.968128
1450 0.000166 0.008971 100.000000 7.042253
1450 0.000117 0.014437 200.000000 8.547009
1450 0.000089 0.017501 300.000000 8.849558
1450 0.000118 0.017697 400.000000 8.403361
1450 0.000099 0.016891 500.000000 8.726004
1450 0.000061 0.012714 600.000000 8.534851
1450 0.000067 0.009948 700.000000 8.860760
1450 0.000068 0.010094 800.000000 7.968128
1460 0.000189 0.011709 100.000000 6.993007
1460 0.000132 0.017091 200.000000 8.510638
1460 0.000104 0.019525 300.000000 8.403361
1460 0.000119 0.019141 400.000000 8.385744
1460 0.000101 0.017482 500.000000 8.710801
1460 0.000065 0.012591 600.000000 8.534851
1460 0.000071 0.010167 700.000000 8.849558
1460 0.000067 0.009804 800.000000 7.968128
1470 0.000164 0.011937 100.000000 6.944445
1470 0.000118 0.016536 200.000000 8.510638
1470 0.000103 0.018493 300.000000 7.874016
1470 0.000127 0.018440 400.000000 8.368201
1470 0.000089 0.016758 500.000000 8.710801
1470 0.000065 0.011864 600.000000 8.534851
1470 0.000073 0.010260 700.000000 8.838384
1470 0.000067 0.009518 800.000000 7.968128
1480 0.000184 0.013942 100.000000 6.944445
1480 0.000126 0.018738 200.000000 8.510638
1480 0.000113 0.020474 300.000000 7.731959
1480 0.000138 0.019911 400.000000 8.368201
1480 0.000087 0.017531 500.000000 8.695652
1480 0.000073 0.011870 600.000000 8.547009
1480 0.000072 0.010590 700.000000 8.827238
1480 0.000068 0.009264 800.000000 7.960199
1490 0.000223 0.015072 100.000000 6.944445
1490 0.000124 0.019179 200.000000 8.547009
1490 0.000112 0.020732 300.000000 7.731959
1490 0.000133 0.020750 400.000000 8.368201
1490 0.000083 0.018052 500.000000 8.635578
1490 0.000073 0.011889 600.000000 8.559201
1490 0.000075 0.010958 700.000000 8.827238
1490 0.000068 0.009143 800.000000 7.968128
1500 0.000210 0.017071 100.000000 7.042253
1500 0.000125 0.019759 200.000000 8.620689
1500 0.000109 0.020684 300.000000 7.792208
1500 0.000120 0.020703 400.000000 8.385744
1500 0.000070 0.017407 500.000000 8.488964
1500 0.000075 0.011520 600.000000 8.595988
1500 0.000071 0.011018 700.000000 8.805032
1500 0.000064 0.009197 800.000000 7.984032
1510 0.000382 0.040404 100.000000 7.246377
1510 0.000183 0.038487 200.000000 8.733624
1510 0.000118 0.033999 300.000000 7.874016
1510 0.000103 0.028476 400.000000 8.438819
1510 0.000046 0.021598 500.000000 8.333333
1510 0.000047 0.014981 600.000000 8.645534
1510 0.000037 0.012432 700.000000 8.771930
1510 0.000031 0.010800 800.000000 8.008008
1520 0.000206 0.017493 100.000000 7.462687
1520 0.000133 0.019553 200.000000 8.849558
1520 0.000119 0.019478 300.000000 7.978724
1520 0.000110 0.018828 400.000000 8.510638
1520 0.000068 0.014814 500.000000 8.333333
1520 0.000071 0.010149 600.000000 8.695652
1520 0.000066 0.011119 700.000000 7.874016
1520 0.000062 0.009258 800.000000 8.040201
1530 0.000143 0.013787 100.000000 7.874016
1530 0.000091 0.014467 200.000000 9.090909
1530 0.000106 0.015100 300.000000 8.108109
1530 0.000099 0.015663 400.000000 8.620689
1530 0.000059 0.013033 500.000000 8.403361
1530 0.000072 0.009694 600.000000 8.784773
1530 0.000064 0.011214 700.000000 7.874016
1530 0.000063 0.009386 800.000000 8.088979
1540 0.000086 0.010806 100.000000 8.403361
1540 0.000061 0.009697 200.000000 9.433962
1540 0.000089 0.011022 300.000000 8.310249
1540 0.000086 0.012896 400.000000 8.771930
1540 0.000055 0.011730 500.000000 8.517887
1540 0.000070 0.009367 600.000000 8.888889
1540 0.000066 0.011286 700.000000 7.927520
1540 0.000065 0.009420 800.000000 8.154943
1550 0.000080 0.010394 100.000000 9.009009
1550 0.000068 0.009374 200.000000 9.756098
1550 0.000086 0.010661 300.000000 8.498584
1550 0.000086 0.012566 400.000000 8.908686
1550 0.000055 0.011454 500.000000 8.620689
1550 0.000070 0.009301 600.000000 8.995502
1550 0.000067 0.011269 700.000000 7.990868
1550 0.000066 0.009437 800.000000 8.221993
1560 0.000092 0.010477 100.000000 9.615385
1560 0.000057 0.008280 200.000000 10.050251
1560 0.000082 0.009493 300.000000 8.670520
1560 0.000080 0.011799 400.000000 9.049774
1560 0.000058 0.011108 500.000000 8.726004
1560 0.000072 0.009359 600.000000 9.090909
1560 0.000068 0.011320 700.000000 8.036739
1560 0.000067 0.009451 800.000000 8.281573
1570 0.000078 0.010854 100.000000 10.000000
1570 0.000050 0.008659 200.000000 10.256411
1570 0.000088 0.009854 300.000000 8.797654
1570 0.000079 0.012090 400.000000 9.132421
1570 0.000061 0.011114 500.000000 8.787346
1570 0.000074 0.009580 600.000000 9.160305
1570 0.000069 0.011283 700.000000 8.064516
1570 0.000067 0.009525 800.000000 8.316009
1580 0.000125 0.009952 100.000000 10.416667
1580 0.000047 0.008641 200.000000 10.256411
1580 0.000101 0.010552 300.000000 8.875740
1580 0.000092 0.012790 400.000000 9.195402
1580 0.000070 0.011314 500.000000 8.833922
1580 0.000071 0.009840 600.000000 9.202454
1580 0.000075 0.011132 700.000000 8.083141
1580 0.000067 0.009582 800.000000 8.350731
1590 0.000106 0.010124 100.000000 10.638298
1590 0.000072 0.009010 200.000000 10.050251
1590 0.000110 0.011275 300.000000 8.928572
1590 0.000094 0.013004 400.000000 9.237875
1590 0.000067 0.011031 500.000000 8.880995
1590 0.000073 0.009992 600.000000 9.230769
1590 0.000080 0.010831 700.000000 8.101851
1590 0.000067 0.009819 800.000000 8.368201
1600 0.000094 0.009711 100.000000 10.752688
1600 0.000068 0.009419 200.000000 9.433962
1600 0.000108 0.011700 300.000000 8.928572
1600 0.000097 0.012714 400.000000 9.259259
1600 0.000073 0.010305 500.000000 8.896797
1600 0.000072 0.009889 600.000000 9.244992
1600 0.000076 0.010453 700.000000 8.111239
1600 0.000066 0.010074 800.000000 8.376964
1610 0.000102 0.009730 100.000000 10.752688
1610 0.000084 0.009988 200.000000 8.510638
1610 0.000122 0.011990 300.000000 8.955224
1610 0.000087 0.012608 400.000000 9.259259
1610 0.000070 0.009866 500.000000 8.912656
1610 0.000075 0.010047 600.000000 9.244992
1610 0.000073 0.010194 700.000000 8.120649
1610 0.000065 0.010287 800.000000 8.376964
1620 0.000072 0.008109 100.000000 10.869565
1620 0.000080 0.008678 200.000000 8.196721
1620 0.000126 0.011296 300.000000 8.955224
1620 0.000077 0.012131 400.000000 9.259259
1620 0.000069 0.009445 500.000000 8.944544
1620 0.000075 0.010329 600.000000 9.244992
1620 0.000076 0.009941 700.000000 8.120649
1620 0.000066 0.010464 800.000000 8.368201
1630 0.000075 0.008504 100.000000 10.869565
1630 0.000082 0.009504 200.000000 8.130081
1630 0.000123 0.011441 300.000000 8.928572
1630 0.000078 0.011974 400.000000 9.195402
1630 0.000070 0.009094 500.000000 8.960573
1630 0.000073 0.010671 600.000000 9.216590
1630 0.000074 0.009933 700.000000 8.120649
1630 0.000064 0.010776 800.000000 8.368201
1640 0.000071 0.007733 100.000000 10.869565
1640 0.000087 0.009034 200.000000 8.163265
1640 0.000111 0.011490 300.000000 8.928572
1640 0.000066 0.011987 400.000000 8.908686
1640 0.000078 0.008981 500.000000 8.960573
1640 0.000075 0.011032 600.000000 9.174312
1640 0.000074 0.009888 700.000000 8.120649
1640 0.000066 0.011055 800.000000 8.376964
1650 0.000094 0.007005 100.000000 10.752688
1650 0.000099 0.008678 200.000000 8.196721
1650 0.000097 0.011343 300.000000 8.875740
1650 0.000064 0.011413 400.000000 8.583691
1650 0.000077 0.008837 500.000000 8.976661
1650 0.000077 0.011389 600.000000 8.941877
1650 0.000076 0.009986 700.000000 8.111239
1650 0.000065 0.011424 800.000000 8.376964
1660 0.000080 0.007075 100.000000 10.526316
1660 0.000108 0.008736 200.000000 8.196721
1660 0.000100 0.011192 300.000000 8.849558
1660 0.000064 0.010760 400.000000 8.510638
1660 0.000080 0.008837 500.000000 8.976661
1660 0.000077 0.011728 600.000000 7.822686
1660 0.000076 0.010192 700.000000 8.111239
1660 0.000066 0.011866 800.000000 8.368201
1670 0.000066 0.007492 100.000000 10.204082
1670 0.000116 0.008698 200.000000 8.230453
1670 0.000101 0.011026 300.000000 8.823529
1670 0.000068 0.010191 400.000000 8.492569
1670 0.000079 0.009060 500.000000 8.976661
1670 0.000078 0.011623 600.000000 7.792208
1670 0.000074 0.010456 700.000000 8.111239
1670 0.000065 0.012327 800.000000 8.350731
1680 0.000027 0.007234 100.000000 9.708738
1680 0.000124 0.008508 200.000000 8.230453
1680 0.000100 0.010661 300.000000 8.823529
1680 0.000070 0.009514 400.000000 8.492569
1680 0.000075 0.009238 500.000000 8.976661
1680 0.000087 0.011251 600.000000 7.782101
1680 0.000076 0.010631 700.000000 8.111239
1680 0.000063 0.012673 800.000000 8.342023
1690 0.000038 0.007501 100.000000 8.620689
1690 0.000120 0.009308 200.000000 8.196721
1690 0.000105 0.011121 300.000000 8.823529
1690 0.000081 0.009295 400.000000 8.510638
1690 0.000080 0.009668 500.000000 8.976661
1690 0.000087 0.010993 600.000000 7.782101
1690 0.000075 0.010958 700.000000 8.111239
1690 0.000062 0.013180 800.000000 8.333333
1700 0.000098 0.007681 100.000000 7.042253
1700 0.000142 0.009827 200.000000 8.196721
1700 0.000093 0.011228 300.000000 8.797654
1700 0.000082 0.008995 400.000000 8.510638
1700 0.000084 0.010036 500.000000 8.960573
1700 0.000084 0.010795 600.000000 7.782101
1700 0.000074 0.011319 700.000000 8.101851
1700 0.000061 0.013652 800.000000 8.333333
1710 0.000109 0.007730 100.000000 6.493506
1710 0.000163 0.009957 200.000000 8.163265
1710 0.000090 0.011066 300.000000 8.771930
1710 0.000076 0.008685 400.000000 8.528785
1710 0.000082 0.010430 500.000000 8.944544
1710 0.000083 0.010647 600.000000 7.782101
1710 0.000072 0.011648 700.000000 8.092485
1710 0.000059 0.014001 800.000000 8.333333
1720 0.000095 0.007437 100.000000 6.410256
1720 0.000143 0.009730 200.000000 8.130081
1720 0.000086 0.011127 300.000000 8.695652
1720 0.000074 0.008583 400.000000 8.547009
1720 0.000076 0.010686 500.000000 8.928572
1720 0.000080 0.010607 600.000000 7.772021
1720 0.000070 0.011840 700.000000 8.083141
1720 0.000058 0.014051 800.000000 8.333333
1730 0.000110 0.007456 100.000000 6.451613
1730 0.000133 0.010278 200.000000 8.130081
1730 0.000068 0.010849 300.000000 8.379889
1730 0.000091 0.008656 400.000000 8.547009
1730 0.000083 0.011526 500.000000 8.865249
1730 0.000081 0.010853 600.000000 7.772021
1730 0.000071 0.012356 700.000000 8.092485
1730 0.000057 0.014670 800.000000 8.324662
1740 0.000103 0.007764 100.000000 6.535948
1740 0.000100 0.009721 200.000000 8.130081
1740 0.000073 0.010145 300.000000 8.021390
1740 0.000089 0.008752 400.000000 8.583691
1740 0.000092 0.012313 500.000000 8.695652
1740 0.000088 0.010965 600.000000 7.782101
1740 0.000073 0.012436 700.000000 8.101851
1740 0.000059 0.014735 800.000000 8.316009
1750 0.000153 0.008246 100.000000 6.622517
1750 0.000118 0.011058 200.000000 8.130081
1750 0.000070 0.010528 300.000000 7.978724
1750 0.000100 0.009204 400.000000 8.620689
1750 0.000092 0.012797 500.000000 7.440476
1750 0.000089 0.011258 600.000000 7.792208
1750 0.000072 0.013065 700.000000 8.111239
1750 0.000057 0.015371 800.000000 8.324662
1760 0.000146 0.007645 100.000000 6.711410
1760 0.000114 0.010274 200.000000 8.163265
1760 0.000083 0.009825 300.000000 7.978724
1760 0.000098 0.009413 400.000000 8.658009
1760 0.000090 0.013038 500.000000 7.418397
1760 0.000084 0.011581 600.000000 7.802341
1760 0.000074 0.013460 700.000000 8.120649
1760 0.000059 0.015676 800.000000 8.342023
1770 0.000195 0.009037 100.000000 6.849315
1770 0.000143 0.011758 200.000000 8.230453
1770 0.000095 0.010310 300.000000 8.042895
1770 0.000096 0.010153 400.000000 8.695652
1770 0.000099 0.013088 500.000000 7.429420
1770 0.000085 0.012050 600.000000 7.832898
1770 0.000072 0.014230 700.000000 8.130081
1770 0.000056 0.016428 800.000000 8.368201
1780 0.000228 0.009617 100.000000 7.042253
1780 0.000144 0.011871 200.000000 8.368201
1780 0.000096 0.010159 300.000000 8.108109
1780 0.000093 0.010500 400.000000 8.771930
1780 0.000102 0.013042 500.000000 7.462687
1780 0.000086 0.012537 600.000000 7.874016
1780 0.000069 0.014838 700.000000 8.158508
1780 0.000056 0.016998 800.000000 8.403361
1790 0.000245 0.008903 100.000000 7.246377
1790 0.000139 0.010816 200.000000 8.547009
1790 0.000090 0.009421 300.000000 8.219178
1790 0.000090 0.010303 400.000000 8.869180
1790 0.000101 0.012575 500.000000 7.518797
1790 0.000083 0.012794 600.000000 7.926024
1790 0.000066 0.015054 700.000000 8.196721
1790 0.000054 0.017096 800.000000 8.447730
1800 0.000222 0.009832 100.000000 7.575758
1800 0.000143 0.011845 200.000000 8.733624
1800 0.000092 0.009902 300.000000 8.356546
1800 0.000093 0.011000 400.000000 8.968610
1800 0.000101 0.012910 500.000000 7.587254
1800 0.000085 0.013196 600.000000 7.978724
1800 0.000068 0.015451 700.000000 8.244994
1800 0.000056 0.017531 800.000000 8.501594
1810 0.000207 0.009642 100.000000 7.936508
1810 0.000138 0.011206 200.000000 9.009009
1810 0.000102 0.009197 300.000000 8.522727
1810 0.000094 0.010792 400.000000 9.111617
1810 0.000100 0.012520 500.000000 7.656968
1810 0.000085 0.012936 600.000000 8.053691
1810 0.000067 0.015282 700.000000 8.313540
1810 0.000056 0.017323 800.000000 8.565310
1820 0.000175 0.009334 100.000000 8.474576
1820 0.000113 0.010543 200.000000 9.302325
1820 0.000100 0.008848 300.000000 8.720930
1820 0.000099 0.011119 400.000000 9.259259
1820 0.000100 0.012466 500.000000 7.751938
1820 0.000087 0.012651 600.000000 8.130081
1820 0.000068 0.014943 700.000000 8.383233
1820 0.000057 0.016943 800.000000 8.629990
1830 0.000185 0.009793 100.000000 9.009009
1830 0.000108 0.010590 200.000000 9.615385
1830 0.000104 0.009004 300.000000 8.902077
1830 0.000101 0.011377 400.000000 9.411765
1830 0.000098 0.012369 500.000000 7.836991
1830 0.000088 0.012612 600.000000 8.207934
1830 0.000069 0.014846 700.000000 8.464329
1830 0.000055 0.016838 800.000000 8.695652
1840 0.000197 0.009835 100.000000 9.615385
1840 0.000103 0.010275 200.000000 9.950249
1840 0.000104 0.008707 300.000000 9.118541
1840 0.000102 0.011303 400.000000 9.569378
1840 0.000098 0.012136 500.000000 7.923930
1840 0.000086 0.012626 600.000000 8.287292
1840 0.000067 0.014889 700.000000 8.536586
1840 0.000055 0.016793 800.000000 8.771930
1850 0.000207 0.009678 100.000000 10.204082
1850 0.000102 0.010022 200.000000 10.309278
1850 0.000104 0.008520 300.000000 9.287926
1850 0.000101 0.011368 400.000000 9.708738
1850 0.000096 0.011995 500.000000 8.012820
1850 0.000084 0.012757 600.000000 8.356546
1850 0.000066 0.014972 700.000000 8.610086
1850 0.000054 0.016896 800.000000 8.830022
1860 0.000228 0.008770 100.000000 10.752688
1860 0.000097 0.009304 200.000000 10.526316
1860 0.000097 0.007850 300.000000 9.433962
1860 0.000096 0.010958 400.000000 9.828010
1860 0.000096 0.011571 500.000000 8.064516
1860 0.000083 0.012773 600.000000 8.403361
1860 0.000065 0.015018 700.000000 8.663366
1860 0.000054 0.016881 800.000000 8.879024
1870 0.000209 0.007579 100.000000 10.869565
1870 0.000094 0.007943 200.000000 10.582010
1870 0.000094 0.007068 300.000000 9.523809
1870 0.000090 0.010657 400.000000 9.852217
1870 0.000094 0.010904 500.000000 8.090615
1870 0.000077 0.012430 600.000000 8.426967
1870 0.000060 0.014671 700.000000 8.684863
1880 0.000188 0.006380 100.000000 10.869565
1880 0.000076 0.006824 200.000000 10.152285
1880 0.000098 0.006381 300.000000 9.554140
1880 0.000089 0.010192 400.000000 9.803922
1880 0.000087 0.010383 500.000000 8.090615
1880 0.000074 0.012286 600.000000 8.426967
1880 0.000057 0.014427 700.000000 8.674102
1890 0.000118 0.006040 100.000000 10.638298
1890 0.000069 0.005744 200.000000 9.049774
1890 0.000102 0.006778 300.000000 9.523809
1890 0.000093 0.010911 400.000000 9.546539
1890 0.000087 0.010417 500.000000 8.077544
1890 0.000076 0.012211 600.000000 8.426967
1890 0.000058 0.014221 700.000000 8.641975
1900 0.000084 0.005647 100.000000 10.416667
1900 0.000071 0.005332 200.000000 8.810573
1900 0.000106 0.007536 300.000000 9.523809
1900 0.000100 0.012129 400.000000 7.648183
1900 0.000095 0.010808 500.000000 8.051530
1900 0.000075 0.012422 600.000000 8.415147
1900 0.000058 0.014165 700.000000 8.631319
1910 0.000074 0.005516 100.000000 10.204082
1910 0.000103 0.005184 200.000000 8.733624
1910 0.000105 0.008432 300.000000 9.523809
1910 0.000100 0.012203 400.000000 7.575758
1910 0.000093 0.010970 500.000000 8.038586
1910 0.000075 0.012545 600.000000 8.391608
1910 0.000059 0.013988 700.000000 8.620689
1920 0.000098 0.005526 100.000000 10.204082
1920 0.000143 0.006111 200.000000 8.733624
1920 0.000104 0.010907 300.000000 9.523809
1920 0.000120 0.013777 400.000000 7.561437
1920 0.000098 0.012007 500.000000 8.051530
1920 0.000075 0.013319 600.000000 8.368201
1920 0.000059 0.014392 700.000000 8.620689
1930 0.000087 0.005239 100.000000 10.204082
1930 0.000155 0.006965 200.000000 8.771930
1930 0.000111 0.012425 300.000000 9.523809
1930 0.000125 0.014227 400.000000 7.561437
1930 0.000102 0.012724 500.000000 8.051530
1930 0.000075 0.013936 600.000000 8.356546
1930 0.000061 0.014926 700.000000 8.631319
1940 0.000098 0.006270 100.000000 10.204082
1940 0.000159 0.009326 200.000000 8.810573
1940 0.000123 0.014474 300.000000 9.523809
1940 0.000116 0.014790 400.000000 7.575758
1940 0.000105 0.013271 500.000000 8.051530
1940 0.000078 0.014255 600.000000 8.368201
1940 0.000062 0.015143 700.000000 8.641975
1950 0.000171 0.007706 100.000000 10.204082
1950 0.000186 0.013074 200.000000 8.849558
1950 0.000146 0.018605 300.000000 9.523809
1950 0.000133 0.017038 400.000000 7.575758
1950 0.000111 0.014714 500.000000 8.038586
1950 0.000086 0.015088 600.000000 8.368201
1950 0.000068 0.015655 700.000000 8.652658
1960 0.000218 0.008791 100.000000 10.101010
1960 0.000190 0.014898 200.000000 8.888889
1960 0.000139 0.020103 300.000000 9.493670
1960 0.000135 0.016764 400.000000 7.575758
1960 0.000107 0.014489 500.000000 8.038586
1960 0.000080 0.014869 600.000000 8.379889
1970 0.000221 0.008663 100.000000 9.433962
1970 0.000187 0.013826 200.000000 8.968610
1970 0.000133 0.018661 300.000000 9.463722
1970 0.000123 0.014813 400.000000 7.590133
1970 0.000101 0.013572 500.000000 8.051530
1970 0.000075 0.014266 600.000000 8.379889
1980 0.000228 0.009119 100.000000 8.000000
1980 0.000179 0.012771 200.000000 9.009009
1980 0.000131 0.017204 300.000000 9.287926
1980 0.000115 0.012815 400.000000 7.590133
1980 0.000094 0.012566 500.000000 8.064516
1980 0.000073 0.013640 600.000000 8.368201
1990 0.000171 0.007740 100.000000 7.633588
1990 0.000157 0.011853 200.000000 9.049774
1990 0.000135 0.016498 300.000000 7.109005
1990 0.000113 0.012145 400.000000 7.604563
1990 0.000093 0.012561 500.000000 8.077544
1990 0.000073 0.013759 600.000000 8.368201
2000 0.000201 0.008346 100.000000 7.518797
2000 0.000160 0.012793 200.000000 9.132421
2000 0.000134 0.016217 300.000000 6.976744
2000 0.000116 0.011900 400.000000 7.604563
2000 0.000090 0.012322 500.000000 8.077544
2000 0.000068 0.013152 600.000000 8.379889
2010 0.000240 0.009339 100.000000 7.575758
2010 0.000135 0.013984 200.000000 9.132421
2010 0.000138 0.015697 300.000000 6.944445
2010 0.000107 0.011894 400.000000 7.619048
2010 0.000081 0.012406 500.000000 8.064516
2010 0.000061 0.012865 600.000000 8.391608
2020 0.000242 0.010385 100.000000 7.575758
2020 0.000127 0.015209 200.000000 9.174312
2020 0.000142 0.015928 300.000000 6.944445
2020 0.000113 0.012774 400.000000 7.633588
2020 0.000080 0.013315 500.000000 8.051530
2020 0.000061 0.013685 600.000000 8.403361
2030 0.000257 0.013193 100.000000 7.633588
2030 0.000143 0.017052 200.000000 9.132421
2030 0.000144 0.016038 300.000000 6.944445
2030 0.000112 0.012821 400.000000 7.633588
2030 0.000077 0.013179 500.000000 8.051530
2030 0.000062 0.013447 600.000000 8.403361
2040 0.000259 0.012531 100.000000 7.692307
2040 0.000151 0.014248 200.000000 9.132421
2040 0.000123 0.011821 300.000000 6.944445
2040 0.000107 0.010303 400.000000 7.619048
2040 0.000074 0.011441 500.000000 8.051530
2040 0.000056 0.011946 600.000000 8.415147
2050 0.000253 0.011347 100.000000 7.751938
2050 0.000148 0.011473 200.000000 9.132421
2050 0.000128 0.008250 300.000000 6.960557
2050 0.000100 0.008849 400.000000 7.619048
2050 0.000065 0.010612 500.000000 8.064516
2060 0.000277 0.010351 100.000000 7.936508
2060 0.000160 0.009586 200.000000 9.174312
2060 0.000138 0.006757 300.000000 6.993007
2060 0.000092 0.009553 400.000000 7.648183
2060 0.000062 0.011647 500.000000 8.090615
2070 0.000274 0.009236 100.000000 8.196721
2070 0.000152 0.007993 200.000000 9.302325
2070 0.000122 0.006793 300.000000 7.058824
2070 0.000086 0.010239 400.000000 7.707129
2070 0.000059 0.012201 500.000000 8.143323
2080 0.000262 0.007666 100.000000 8.620689
2080 0.000148 0.006486 200.000000 9.478673
2080 0.000114 0.007618 300.000000 7.142857
2080 0.000085 0.011181 400.000000 7.797271
2080 0.000055 0.013060 500.000000 8.210180
2090 0.000266 0.007642 100.000000 9.259259
2090 0.000138 0.008542 200.000000 9.756098
2090 0.000115 0.007934 300.000000 7.263923
2090 0.000082 0.010841 400.000000 7.905138
2090 0.000060 0.012745 500.000000 8.305648
2100 0.000184 0.006527 100.000000 9.900990
2100 0.000114 0.007013 200.000000 9.950249
2100 0.000103 0.008171 300.000000 7.389163
2100 0.000079 0.010974 400.000000 8.016032
2100 0.000058 0.012802 500.000000 8.389262
2110 0.000204 0.005877 100.000000 10.526316
2110 0.000124 0.006529 200.000000 9.950249
2110 0.000103 0.008276 300.000000 7.500000
2110 0.000074 0.011094 400.000000 8.113590
2110 0.000054 0.012787 500.000000 8.474576
2120 0.000170 0.006421 100.000000 10.989011
2120 0.000125 0.007982 200.000000 6.849315
2120 0.000102 0.008489 300.000000 7.575758
2120 0.000081 0.011084 400.000000 8.179959
2120 0.000060 0.012764 500.000000 8.517887
2130 0.000188 0.006171 100.000000 11.235955
2130 0.000123 0.006692 200.000000 6.688963
2130 0.000102 0.008892 300.000000 7.594937
2130 0.000075 0.011291 400.000000 8.213552
2130 0.000052 0.012615 500.000000 8.547009
2140 0.000134 0.005769 100.000000 11.363636
2140 0.000107 0.006084 200.000000 6.644518
2140 0.000087 0.009195 300.000000 7.614213
2140 0.000068 0.011544 400.000000 8.196721
2140 0.000050 0.012643 500.000000 8.561644
2150 0.000113 0.005978 100.000000 11.363636
2150 0.000121 0.007161 200.000000 6.622517
2150 0.000089 0.010073 300.000000 7.614213
2150 0.000066 0.012463 400.000000 8.146640
2150 0.000050 0.013377 500.000000 8.561644
2160 0.000111 0.006035 100.000000 11.235955
2160 0.000118 0.007139 200.000000 6.622517
2160 0.000087 0.010053 300.000000 7.594937
2160 0.000064 0.012509 400.000000 8.130081
2160 0.000051 0.013424 500.000000 8.561644
2170 0.000115 0.006052 100.000000 11.111111
2170 0.000099 0.006687 200.000000 6.600660
2170 0.000086 0.009741 300.000000 7.575758
2170 0.000066 0.012317 400.000000 8.130081
2170 0.000052 0.013659 500.000000 8.547009
2180 0.000098 0.005977 100.000000 10.869565
2180 0.000101 0.006697 200.000000 6.578948
2180 0.000084 0.009715 300.000000 7.537688
2180 0.000066 0.012218 400.000000 8.130081
2190 0.000096 0.006091 100.000000 10.526316
2190 0.000093 0.006700 200.000000 6.557377
2190 0.000076 0.009260 300.000000 7.518797
2190 0.000059 0.011504 400.000000 8.097166
2200 0.000093 0.005974 100.000000 9.900990
2200 0.000090 0.006879 200.000000 6.535948
2200 0.000079 0.009588 300.000000 7.518797
2200 0.000064 0.012087 400.000000 8.064516
2210 0.000096 0.005336 100.000000 4.901961
2210 0.000097 0.006811 200.000000 6.514658
2210 0.000077 0.009375 300.000000 7.518797
2210 0.000056 0.011653 400.000000 8.032128
2220 0.000090 0.005526 100.000000 4.694836
2220 0.000101 0.007643 200.000000 6.493506
2220 0.000083 0.010823 300.000000 7.481297
2220 0.000069 0.013066 400.000000 8.032128
2230 0.000159 0.005248 100.000000 4.651163
2230 0.000101 0.006813 200.000000 6.493506
2230 0.000073 0.009310 300.000000 7.444169
2230 0.000055 0.010548 400.000000 8.032128
2240 0.000179 0.004941 100.000000 4.651163
2240 0.000102 0.006379 200.000000 6.514658
2240 0.000069 0.009117 300.000000 7.425743
2240 0.000054 0.010483 400.000000 8.048289
2250 0.000150 0.005915 100.000000 4.651163
2250 0.000108 0.007770 200.000000 6.514658
2250 0.000078 0.010822 300.000000 7.425743
2250 0.000061 0.012527 400.000000 8.064516
2260 0.000128 0.005784 100.000000 4.672897
2260 0.000112 0.008251 200.000000 6.514658
2260 0.000079 0.011326 300.000000 7.444169
2260 0.000065 0.013390 400.000000 8.064516
2270 0.000130 0.005192 100.000000 4.672897
2270 0.000104 0.007652 200.000000 6.493506
2270 0.000076 0.010768 300.000000 7.462687
2280 0.000139 0.004799 100.000000 4.716981
2280 0.000103 0.007397 200.000000 6.535948
2280 0.000072 0.010679 300.000000 7.481297
2290 0.000123 0.004747 100.000000 4.761905
2290 0.000096 0.007951 200.000000 6.578948
2290 0.000072 0.011112 300.000000 7.518797
2300 0.000104 0.004005 100.000000 4.854369
2300 0.000084 0.006298 200.000000 6.688963
2300 0.000067 0.009180 300.000000 7.575758
2310 0.000075 0.003862 100.000000 5.000000
2310 0.000075 0.005517 200.000000 6.825939
2310 0.000054 0.008231 300.000000 7.692307
2320 0.000096 0.003817 100.000000 5.181347
2320 0.000080 0.006888 200.000000 7.017544
2320 0.000058 0.009896 300.000000 7.832898
2330 0.000094 0.004469 100.000000 5.434783
2330 0.000081 0.007745 200.000000 7.246377
2330 0.000062 0.010618 300.000000 8.021390
2340 0.000102 0.004477 100.000000 5.747127
2340 0.000085 0.007916 200.000000 7.518797
2340 0.000063 0.010841 300.000000 8.241758
2350 0.000102 0.003872 100.000000 6.097561
2350 0.000084 0.007524 200.000000 7.812500
2350 0.000063 0.010508 300.000000 8.474576
2360 0.000104 0.003351 100.000000 6.493506
2360 0.000085 0.007388 200.000000 8.130081
2360 0.000063 0.010442 300.000000 8.720930
2370 0.000106 0.003314 100.000000 6.944445
2370 0.000086 0.007552 200.000000 8.474576
2370 0.000064 0.010632 300.000000 8.982036
2380 0.000109 0.003501 100.000000 7.462687
2380 0.000088 0.007870 200.000000 8.849558
2380 0.000065 0.010968 300.000000 9.259259
2390 0.000103 0.003545 100.000000 8.064516
2390 0.000086 0.007857 200.000000 9.259259
2390 0.000065 0.010972 300.000000 9.554140
2400 0.000089 0.003843 100.000000 8.771930
2400 0.000081 0.007977 200.000000 9.708738
2400 0.000065 0.011104 300.000000 9.868421
2410 0.000106 0.004445 100.000000 9.433962
2410 0.000080 0.007951 200.000000 10.101010
2410 0.000060 0.010905 300.000000 10.101010
2420 0.000122 0.006073 100.000000 10.000000
2420 0.000090 0.010007 200.000000 10.362695
2420 0.000074 0.012766 300.000000 10.309278
2430 0.000117 0.005760 100.000000 10.416667
2430 0.000088 0.009256 200.000000 10.582010
2430 0.000074 0.011728 300.000000 10.452962
2440 0.000066 0.004916 100.000000 10.638298
2440 0.000061 0.007321 200.000000 10.582010
2440 0.000062 0.009151 300.000000 10.526316
2450 0.000066 0.007007 100.000000 10.638298
2450 0.000076 0.009717 200.000000 10.526316
2450 0.000071 0.011939 300.000000 10.563380
2460 0.000101 0.007989 100.000000 10.638298
2460 0.000087 0.011068 200.000000 10.471204
2460 0.000068 0.013193 300.000000 10.600707
2470 0.000094 0.006982 100.000000 10.638298
2470 0.000068 0.009484 200.000000 10.526316
2470 0.000056 0.011717 300.000000 10.600707
2480 0.000110 0.007790 100.000000 10.526316
2480 0.000084 0.010512 200.000000 10.526316
2490 0.000090 0.007232 100.000000 10.526316
2490 0.000074 0.010228 200.000000 10.526316
2500 0.000083 0.007264 100.000000 10.526316
2500 0.000076 0.009755 200.000000 10.471204
2510 0.000098 0.008943 100.000000 10.638298
2510 0.000069 0.011080 200.000000 10.416667
2520 0.000082 0.009870 100.000000 10.638298
2520 0.000070 0.011869 200.000000 10.416667
2530 0.000088 0.008613 100.000000 10.526316
2530 0.000071 0.010365 200.000000 10.416667
2540 0.000101 0.007569 100.000000 10.204082
2540 0.000079 0.009314 200.000000 10.416667
2550 0.000118 0.008577 100.000000 10.101010
2550 0.000081 0.009851 200.000000 10.471204
2560 0.000108 0.008614 100.000000 10.204082
2560 0.000085 0.010129 200.000000 10.526316
2570 0.000073 0.006606 100.000000 10.309278
2570 0.000061 0.007679 200.000000 10.582010
2580 0.000099 0.008202 100.000000 10.416667
2590 0.000090 0.007106 100.000000 10.309278
2600 0.000072 0.007313 100.000000 10.101010
2610 0.000104 0.009753 100.000000 10.000000
2620 0.000090 0.009655 100.000000 10.101010
2630 0.000077 0.009993 100.000000 10.309278
2640 0.000055 0.008940 100.000000 10.526316
2650 0.000042 0.008433 100.000000 10.638298
2660 0.000059 0.007850 100.000000 10.638298
