0 0.000166 0.012280 100.000000 5.780347
0 0.000088 0.011837 200.000000 6.369427
0 0.000116 0.006631 300.000000 6.726458
0 0.000101 0.007961 400.000000 6.908463
0 0.000091 0.007077 500.000000 6.297229
0 0.000083 0.005404 600.000000 6.741573
10 0.000228 0.013507 100.000000 6.097561
10 0.000113 0.014994 200.000000 6.451613
10 0.000125 0.005353 300.000000 6.849315
10 0.000105 0.007640 400.000000 7.017544
10 0.000091 0.007341 500.000000 6.369427
10 0.000087 0.005189 600.000000 6.802721
20 0.000290 0.013392 100.000000 6.369427
20 0.000154 0.017243 200.000000 6.493506
20 0.000152 0.006305 300.000000 6.960557
20 0.000124 0.009499 400.000000 7.117438
20 0.000110 0.008922 500.000000 6.435007
20 0.000102 0.005268 600.000000 6.857143
30 0.000230 0.013069 100.000000 6.622517
30 0.000166 0.015124 200.000000 6.535948
30 0.000145 0.007227 300.000000 7.042253
30 0.000125 0.009811 400.000000 7.207207
30 0.000106 0.008566 500.000000 6.501951
30 0.000096 0.005445 600.000000 6.888634
40 0.000176 0.012376 100.000000 6.849315
40 0.000175 0.011667 200.000000 6.578948
40 0.000140 0.009404 300.000000 7.075472
40 0.000126 0.010484 400.000000 7.299270
40 0.000104 0.008205 500.000000 6.561680
40 0.000095 0.005846 600.000000 6.912442
50 0.000171 0.014214 100.000000 7.042253
50 0.000166 0.012434 200.000000 6.600660
50 0.000136 0.007864 300.000000 7.058824
50 0.000119 0.009762 400.000000 7.366483
50 0.000101 0.007542 500.000000 6.605020
50 0.000088 0.005798 600.000000 6.896552
60 0.000141 0.013022 100.000000 7.092198
60 0.000166 0.009286 200.000000 6.622517
60 0.000137 0.008934 300.000000 6.993007
60 0.000111 0.010589 400.000000 7.407407
60 0.000099 0.007252 500.000000 6.640106
60 0.000080 0.006186 600.000000 6.880734
70 0.000099 0.011485 100.000000 7.142857
70 0.000176 0.007126 200.000000 6.644518
70 0.000126 0.009196 300.000000 6.944445
70 0.000093 0.011018 400.000000 7.421150
70 0.000102 0.006711 500.000000 6.666667
70 0.000077 0.006513 600.000000 6.872852
80 0.000077 0.011932 100.000000 7.142857
80 0.000153 0.006578 200.000000 6.688963
80 0.000133 0.008825 300.000000 6.928406
80 0.000087 0.011305 400.000000 7.434944
80 0.000102 0.006490 500.000000 6.684492
80 0.000072 0.006805 600.000000 6.864988
90 0.000088 0.009751 100.000000 7.142857
90 0.000134 0.006054 200.000000 6.711410
90 0.000124 0.009176 300.000000 6.944445
90 0.000071 0.010790 400.000000 7.434944
90 0.000097 0.005922 500.000000 6.711410
90 0.000066 0.007235 600.000000 6.857143
100 0.000073 0.011498 100.000000 7.092198
100 0.000143 0.005017 200.000000 6.756757
100 0.000108 0.008444 300.000000 6.960557
100 0.000073 0.011211 400.000000 7.299270
100 0.000095 0.005889 500.000000 6.729475
100 0.000057 0.007185 600.000000 6.833713
110 0.000077 0.012623 100.000000 7.092198
110 0.000136 0.005979 200.000000 6.802721
110 0.000109 0.008949 300.000000 6.993007
110 0.000107 0.011083 400.000000 6.220840
110 0.000093 0.006308 500.000000 6.756757
110 0.000058 0.007448 600.000000 6.810442
120 0.000087 0.014870 100.000000 7.142857
120 0.000150 0.007242 200.000000 6.872852
120 0.000111 0.009812 300.000000 7.025761
120 0.000120 0.011419 400.000000 6.211180
120 0.000096 0.006545 500.000000 6.793478
120 0.000065 0.007987 600.000000 6.779661
130 0.000086 0.014337 100.000000 7.352941
130 0.000145 0.009648 200.000000 6.993007
130 0.000105 0.009920 300.000000 7.092198
130 0.000101 0.010139 400.000000 6.250000
130 0.000083 0.007092 500.000000 6.839945
130 0.000057 0.008236 600.000000 6.726458
140 0.000073 0.015018 100.000000 7.575758
140 0.000136 0.007939 200.000000 7.142857
140 0.000099 0.009269 300.000000 7.177033
140 0.000088 0.009680 400.000000 6.299212
140 0.000081 0.007050 500.000000 6.896552
140 0.000051 0.007786 600.000000 6.666667
150 0.000143 0.013723 100.000000 7.751938
150 0.000156 0.011097 200.000000 7.246377
150 0.000106 0.010643 300.000000 7.263923
150 0.000098 0.009134 400.000000 6.339144
150 0.000091 0.007096 500.000000 6.934813
150 0.000063 0.008261 600.000000 6.593407
160 0.000190 0.014156 100.000000 7.692307
160 0.000181 0.013683 200.000000 7.299270
160 0.000127 0.012056 300.000000 7.317073
160 0.000108 0.009402 400.000000 6.379585
160 0.000106 0.007586 500.000000 6.963789
160 0.000068 0.008645 600.000000 6.535948
170 0.000231 0.013712 100.000000 7.142857
170 0.000192 0.018043 200.000000 7.272727
170 0.000151 0.013173 300.000000 7.352941
170 0.000124 0.009017 400.000000 6.420546
170 0.000106 0.008745 500.000000 6.963789
180 0.000255 0.012041 100.000000 6.369427
180 0.000174 0.018381 200.000000 7.220217
180 0.000157 0.013378 300.000000 7.407407
180 0.000117 0.009046 400.000000 6.451613
180 0.000104 0.009425 500.000000 6.925208
190 0.000266 0.009403 100.000000 6.172840
190 0.000177 0.017087 200.000000 7.067138
190 0.000156 0.013982 300.000000 7.444169
190 0.000118 0.009459 400.000000 6.493506
190 0.000099 0.009153 500.000000 6.868132
200 0.000218 0.008676 100.000000 6.134969
200 0.000154 0.015473 200.000000 6.872852
200 0.000123 0.013398 300.000000 7.481297
200 0.000108 0.009124 400.000000 6.514658
200 0.000078 0.009251 500.000000 6.821282
210 0.000250 0.007879 100.000000 6.172840
210 0.000153 0.014714 200.000000 6.802721
210 0.000095 0.014025 300.000000 7.500000
210 0.000107 0.009353 400.000000 6.546645
210 0.000072 0.009240 500.000000 6.802721
220 0.000238 0.007147 100.000000 6.211180
220 0.000163 0.015157 200.000000 6.802721
220 0.000099 0.016331 300.000000 7.518797
220 0.000112 0.010022 400.000000 6.568144
220 0.000075 0.008748 500.000000 6.793478
230 0.000209 0.009643 100.000000 6.289308
230 0.000142 0.014621 200.000000 6.825939
230 0.000080 0.015432 300.000000 7.518797
230 0.000104 0.009827 400.000000 6.600660
230 0.000063 0.009527 500.000000 6.784261
240 0.000230 0.012276 100.000000 6.410256
240 0.000141 0.015475 200.000000 6.872852
240 0.000084 0.016669 300.000000 7.334963
240 0.000106 0.009956 400.000000 6.633499
240 0.000055 0.009522 500.000000 6.765900
250 0.000207 0.014289 100.000000 6.493506
250 0.000136 0.015878 200.000000 6.920415
250 0.000124 0.016682 300.000000 5.964215
250 0.000099 0.010379 400.000000 6.666667
250 0.000055 0.009243 500.000000 6.747638
260 0.000221 0.017907 100.000000 6.578948
260 0.000132 0.017834 200.000000 6.944445
260 0.000125 0.017656 300.000000 5.928854
260 0.000095 0.010981 400.000000 6.700168
260 0.000058 0.009210 500.000000 6.693440
270 0.000221 0.019522 100.000000 6.666667
270 0.000129 0.018166 200.000000 6.968641
270 0.000102 0.016347 300.000000 5.940594
270 0.000086 0.010703 400.000000 6.722689
270 0.000049 0.009142 500.000000 6.510417
280 0.000219 0.022632 100.000000 6.756757
280 0.000129 0.019307 200.000000 7.017544
280 0.000104 0.016078 300.000000 5.976096
280 0.000088 0.011006 400.000000 6.756757
280 0.000052 0.009242 500.000000 6.377551
290 0.000189 0.023417 100.000000 6.849315
290 0.000119 0.017839 200.000000 7.117438
290 0.000090 0.014622 300.000000 6.024096
290 0.000084 0.011796 400.000000 6.791172
290 0.000041 0.009513 500.000000 6.321113
300 0.000190 0.025094 100.000000 7.092198
300 0.000137 0.018809 200.000000 7.246377
300 0.000102 0.014694 300.000000 6.109980
300 0.000083 0.011437 400.000000 6.837607
310 0.000190 0.024284 100.000000 7.407407
310 0.000128 0.018071 200.000000 7.462687
310 0.000098 0.014128 300.000000 6.198347
310 0.000078 0.011535 400.000000 6.908463
320 0.000189 0.023271 100.000000 7.751938
320 0.000133 0.016725 200.000000 7.692307
320 0.000092 0.012667 300.000000 6.315790
320 0.000083 0.010792 400.000000 6.993007
330 0.000152 0.020203 100.000000 8.130081
330 0.000111 0.015343 200.000000 7.905138
330 0.000088 0.011593 300.000000 6.410256
330 0.000078 0.009835 400.000000 7.054674
340 0.000108 0.016149 100.000000 8.264462
340 0.000117 0.012418 200.000000 8.097166
340 0.000066 0.010253 300.000000 6.507592
340 0.000064 0.010825 400.000000 7.079646
350 0.000130 0.015847 100.000000 8.130081
350 0.000121 0.013207 200.000000 8.230453
350 0.000073 0.011123 300.000000 6.578948
350 0.000056 0.011367 400.000000 7.042253
360 0.000116 0.013474 100.000000 7.751938
360 0.000084 0.012577 200.000000 8.333333
360 0.000068 0.011207 300.000000 6.622517
360 0.000042 0.011787 400.000000 6.993007
370 0.000101 0.015124 100.000000 7.518797
370 0.000082 0.015290 200.000000 8.368201
370 0.000065 0.013381 300.000000 6.651885
370 0.000029 0.012437 400.000000 6.968641
380 0.000116 0.014018 100.000000 7.407407
380 0.000078 0.014834 200.000000 8.333333
380 0.000078 0.012910 300.000000 6.666667
380 0.000037 0.012557 400.000000 6.932409
390 0.000113 0.012056 100.000000 7.352941
390 0.000073 0.013330 200.000000 8.196721
390 0.000062 0.011423 300.000000 6.681514
390 0.000031 0.011080 400.000000 6.884682
400 0.000089 0.010463 100.000000 7.299270
400 0.000082 0.012239 200.000000 5.747127
400 0.000070 0.011250 300.000000 6.696429
400 0.000031 0.010536 400.000000 6.814310
410 0.000071 0.011145 100.000000 7.246377
410 0.000085 0.010844 200.000000 5.617978
410 0.000063 0.009817 300.000000 6.711410
410 0.000044 0.009691 400.000000 6.700168
420 0.000083 0.011445 100.000000 7.194244
420 0.000048 0.009639 200.000000 5.617978
420 0.000046 0.008703 300.000000 6.726458
420 0.000047 0.008503 400.000000 6.400000
430 0.000061 0.011318 100.000000 7.246377
430 0.000054 0.009547 200.000000 5.633803
430 0.000057 0.008939 300.000000 6.726458
430 0.000047 0.008173 400.000000 6.230530
440 0.000087 0.010363 100.000000 7.352941
440 0.000059 0.008926 200.000000 5.698006
440 0.000060 0.009148 300.000000 6.741573
450 0.000109 0.009797 100.000000 7.575758
450 0.000063 0.009135 200.000000 5.763689
450 0.000070 0.010691 300.000000 6.741573
460 0.000160 0.009928 100.000000 7.874016
460 0.000064 0.008580 200.000000 5.865103
460 0.000071 0.010863 300.000000 6.726458
470 0.000146 0.010275 100.000000 8.196721
470 0.000069 0.007959 200.000000 5.952381
470 0.000067 0.009519 300.000000 6.726458
480 0.000107 0.011032 100.000000 8.620689
480 0.000069 0.008521 200.000000 6.060606
480 0.000058 0.009622 300.000000 6.741573
490 0.000072 0.011102 100.000000 8.928572
490 0.000071 0.010069 200.000000 6.172840
490 0.000053 0.011231 300.000000 6.756757
500 0.000079 0.011435 100.000000 9.259259
500 0.000090 0.011409 200.000000 6.250000
500 0.000057 0.012723 300.000000 6.787330
510 0.000082 0.011639 100.000000 9.433962
510 0.000082 0.010766 200.000000 6.309148
510 0.000054 0.011400 300.000000 6.787330
520 0.000147 0.012192 100.000000 9.345795
520 0.000065 0.010363 200.000000 6.349206
520 0.000060 0.009986 300.000000 6.741573
530 0.000068 0.009519 100.000000 8.196721
530 0.000097 0.009983 200.000000 6.369427
530 0.000063 0.011185 300.000000 6.681514
540 0.000131 0.007577 100.000000 4.608295
540 0.000108 0.008968 200.000000 6.410256
540 0.000079 0.010377 300.000000 6.593407
550 0.000095 0.006381 100.000000 4.566210
550 0.000077 0.009660 200.000000 6.451613
550 0.000073 0.010809 300.000000 6.410256
560 0.000070 0.005904 100.000000 4.566210
560 0.000097 0.009826 200.000000 6.472492
560 0.000089 0.011140 300.000000 6.072875
570 0.000048 0.007137 100.000000 4.587156
570 0.000092 0.008909 200.000000 6.472492
570 0.000088 0.009572 300.000000 5.870842
580 0.000057 0.007066 100.000000 4.629630
580 0.000087 0.006799 200.000000 6.349206
590 0.000078 0.007680 100.000000 4.651163
590 0.000095 0.006515 200.000000 6.153846
600 0.000100 0.008183 100.000000 4.672897
600 0.000083 0.009107 200.000000 5.988024
610 0.000206 0.011991 100.000000 4.694836
610 0.000118 0.014839 200.000000 5.934718
620 0.000215 0.013463 100.000000 4.739336
620 0.000126 0.016182 200.000000 5.899705
630 0.000275 0.020787 100.000000 4.807693
630 0.000127 0.021307 200.000000 5.899705
640 0.000301 0.023858 100.000000 4.950495
640 0.000118 0.022892 200.000000 5.952381
650 0.000251 0.019734 100.000000 5.154639
650 0.000105 0.018125 200.000000 6.079027
660 0.000195 0.015395 100.000000 5.405406
660 0.000097 0.013802 200.000000 6.230530
670 0.000184 0.015466 100.000000 5.714286
670 0.000092 0.012986 200.000000 6.430868
680 0.000184 0.015563 100.000000 6.060606
680 0.000088 0.012988 200.000000 6.644518
690 0.000187 0.015958 100.000000 6.451613
690 0.000086 0.013134 200.000000 6.872852
700 0.000181 0.015563 100.000000 6.896552
700 0.000087 0.012771 200.000000 7.117438
710 0.000173 0.015304 100.000000 7.407407
710 0.000084 0.012370 200.000000 7.380074
720 0.000160 0.012539 100.000000 8.000000
720 0.000088 0.010416 200.000000 7.633588
730 0.000146 0.009743 100.000000 8.695652
730 0.000094 0.008731 200.000000 7.936508
740 0.000122 0.007769 100.000000 9.345795
740 0.000103 0.007260 200.000000 8.163265
750 0.000131 0.008468 100.000000 10.101010
750 0.000112 0.008072 200.000000 8.333333
760 0.000110 0.007542 100.000000 10.526316
760 0.000139 0.007460 200.000000 8.333333
770 0.000135 0.010874 100.000000 10.869565
770 0.000118 0.010910 200.000000 7.843137
780 0.000144 0.010194 100.000000 10.869565
780 0.000137 0.010644 200.000000 7.092198
790 0.000110 0.007152 100.000000 10.526316
800 0.000116 0.007013 100.000000 9.433962
810 0.000099 0.004705 100.000000 8.403361
820 0.000157 0.003854 100.000000 8.000000
830 0.000183 0.003887 100.000000 7.692307
840 0.000209 0.003144 100.000000 7.352941
850 0.000229 0.001450 100.000000 6.993007
860 0.000160 0.005545 100.000000 6.134969
870 0.000191 0.004420 100.000000 5.208333
880 0.000225 0.005909 100.000000 4.830918
