0 0.000304 0.022714 100.000000 8.474576
0 0.000133 0.025539 200.000000 9.433962
0 0.000044 0.018720 300.000000 10.416667
0 0.000032 0.014698 400.000000 10.471204
0 0.000074 0.012411 500.000000 10.416667
0 0.000089 0.012451 600.000000 10.416667
0 0.000091 0.013059 700.000000 10.279001
0 0.000108 0.006906 800.000000 10.282776
10 0.000260 0.018539 100.000000 9.009009
10 0.000109 0.021012 200.000000 9.756098
10 0.000026 0.015101 300.000000 10.714286
10 0.000026 0.012685 400.000000 10.666667
10 0.000066 0.010886 500.000000 10.570825
10 0.000084 0.010852 600.000000 10.544815
10 0.000086 0.011062 700.000000 10.370370
10 0.000103 0.006962 800.000000 10.376135
20 0.000273 0.016984 100.000000 9.615385
20 0.000117 0.018264 200.000000 10.000000
20 0.000024 0.013181 300.000000 10.948905
20 0.000024 0.011765 400.000000 10.810811
20 0.000064 0.010530 500.000000 10.706638
20 0.000081 0.010371 600.000000 10.657193
20 0.000084 0.010108 700.000000 10.447762
20 0.000099 0.008060 800.000000 10.471204
30 0.000263 0.012424 100.000000 10.101010
30 0.000088 0.013250 200.000000 10.256411
30 0.000013 0.010163 300.000000 11.194030
30 0.000032 0.009938 400.000000 10.928962
30 0.000053 0.009661 500.000000 10.822511
30 0.000077 0.009296 600.000000 10.752688
30 0.000083 0.008870 700.000000 10.510510
30 0.000092 0.009762 800.000000 10.554090
40 0.000266 0.010575 100.000000 10.638298
40 0.000092 0.012016 200.000000 10.471204
40 0.000029 0.009116 300.000000 11.406844
40 0.000027 0.008721 400.000000 11.019283
40 0.000052 0.009073 500.000000 10.917030
40 0.000067 0.008636 600.000000 10.830325
40 0.000087 0.008509 700.000000 10.542169
40 0.000090 0.011219 800.000000 10.624170
50 0.000287 0.011652 100.000000 10.989011
50 0.000092 0.011945 200.000000 10.638298
50 0.000036 0.009321 300.000000 11.538462
50 0.000022 0.009141 400.000000 11.080333
50 0.000048 0.009174 500.000000 10.989011
50 0.000062 0.008910 600.000000 10.889292
50 0.000091 0.008418 700.000000 10.558069
50 0.000089 0.010918 800.000000 10.680908
60 0.000281 0.014486 100.000000 11.363636
60 0.000058 0.012496 200.000000 10.810811
60 0.000043 0.009782 300.000000 11.627907
60 0.000030 0.010212 400.000000 11.080333
60 0.000051 0.009598 500.000000 11.013216
60 0.000070 0.009750 600.000000 10.909091
60 0.000092 0.008395 700.000000 10.558069
60 0.000089 0.010246 800.000000 10.723861
70 0.000272 0.015519 100.000000 11.494253
70 0.000042 0.012732 200.000000 10.928962
70 0.000058 0.010399 300.000000 11.627907
70 0.000035 0.011376 400.000000 11.080333
70 0.000050 0.009935 500.000000 10.964912
70 0.000065 0.010670 600.000000 10.909091
70 0.000093 0.008380 700.000000 10.558069
70 0.000084 0.009199 800.000000 10.767160
80 0.000240 0.015069 100.000000 11.494253
80 0.000025 0.012119 200.000000 11.049724
80 0.000055 0.010520 300.000000 11.583012
80 0.000037 0.011815 400.000000 11.049724
80 0.000046 0.010250 500.000000 10.940919
80 0.000055 0.011082 600.000000 10.889292
80 0.000089 0.008194 700.000000 10.558069
80 0.000080 0.009334 800.000000 10.796222
90 0.000226 0.013712 100.000000 11.494253
90 0.000025 0.011290 200.000000 11.235955
90 0.000069 0.010677 300.000000 11.538462
90 0.000043 0.011906 400.000000 11.049724
90 0.000054 0.010526 500.000000 10.917030
90 0.000058 0.011178 600.000000 10.849910
90 0.000086 0.007937 700.000000 10.558069
90 0.000079 0.009535 800.000000 10.825439
100 0.000139 0.012030 100.000000 11.235955
100 0.000047 0.010487 200.000000 11.428572
100 0.000084 0.010750 300.000000 11.450381
100 0.000035 0.011777 400.000000 11.019283
100 0.000045 0.010761 500.000000 10.917030
100 0.000053 0.011043 600.000000 10.771993
100 0.000085 0.007811 700.000000 10.558069
100 0.000080 0.009794 800.000000 10.854816
110 0.000085 0.011513 100.000000 10.869565
110 0.000072 0.010304 200.000000 11.560694
110 0.000093 0.011690 300.000000 11.406844
110 0.000028 0.012540 400.000000 11.019283
110 0.000052 0.011749 500.000000 10.917030
110 0.000058 0.011709 600.000000 10.695188
110 0.000087 0.007665 700.000000 10.574018
110 0.000074 0.009345 800.000000 10.854816
120 0.000073 0.012223 100.000000 10.416667
120 0.000096 0.010907 200.000000 11.695907
120 0.000108 0.014981 300.000000 11.278195
120 0.000023 0.015233 400.000000 11.019283
120 0.000058 0.014877 500.000000 10.893247
120 0.000055 0.014035 600.000000 10.600707
120 0.000085 0.007989 700.000000 10.590015
120 0.000068 0.007332 800.000000 10.825439
130 0.000117 0.012197 100.000000 10.204082
130 0.000131 0.012049 200.000000 11.764706
130 0.000117 0.018381 300.000000 11.152416
130 0.000020 0.018199 400.000000 10.958904
130 0.000051 0.018029 500.000000 10.845987
130 0.000060 0.016200 600.000000 10.526316
130 0.000082 0.009240 700.000000 10.590015
130 0.000057 0.006823 800.000000 10.796222
140 0.000168 0.013446 100.000000 10.101010
140 0.000147 0.014431 200.000000 11.695907
140 0.000108 0.021033 300.000000 11.029411
140 0.000025 0.020532 400.000000 10.928962
140 0.000034 0.020352 500.000000 10.822511
140 0.000069 0.017598 600.000000 10.452962
140 0.000081 0.010350 700.000000 10.606061
140 0.000052 0.007860 800.000000 10.767160
150 0.000220 0.013903 100.000000 10.204082
150 0.000172 0.018499 200.000000 11.627907
150 0.000090 0.025236 300.000000 10.909091
150 0.000044 0.024274 400.000000 10.840109
150 0.000043 0.024452 500.000000 10.775862
150 0.000079 0.020697 600.000000 10.398614
150 0.000084 0.012497 700.000000 10.638298
150 0.000050 0.009402 800.000000 10.752688
160 0.000240 0.015367 100.000000 10.309278
160 0.000190 0.018543 200.000000 11.560694
160 0.000083 0.025112 300.000000 10.869565
160 0.000052 0.023472 400.000000 10.781672
160 0.000031 0.023348 500.000000 10.752688
160 0.000081 0.018732 600.000000 10.380623
160 0.000077 0.011507 700.000000 10.670732
160 0.000044 0.009510 800.000000 10.752688
170 0.000251 0.016889 100.000000 10.638298
170 0.000202 0.021446 200.000000 11.494253
170 0.000073 0.027304 300.000000 10.830325
170 0.000059 0.025102 400.000000 10.752688
170 0.000025 0.024546 500.000000 10.729613
170 0.000079 0.019130 600.000000 10.380623
170 0.000074 0.011921 700.000000 10.703364
170 0.000040 0.009859 800.000000 10.767160
180 0.000236 0.017759 100.000000 10.989011
180 0.000204 0.021500 200.000000 11.428572
180 0.000062 0.025502 300.000000 10.869565
180 0.000056 0.023519 400.000000 10.752688
180 0.000041 0.022803 500.000000 10.683761
180 0.000089 0.016823 600.000000 10.398614
180 0.000079 0.010967 700.000000 10.736197
180 0.000044 0.010158 800.000000 10.767160
190 0.000216 0.015823 100.000000 11.494253
190 0.000178 0.019092 200.000000 11.494253
190 0.000045 0.021412 300.000000 10.909091
190 0.000058 0.019668 400.000000 10.810811
190 0.000044 0.019107 500.000000 10.638298
190 0.000091 0.012707 600.000000 10.434783
190 0.000083 0.009408 700.000000 10.785825
190 0.000046 0.010086 800.000000 10.752688
200 0.000201 0.015262 100.000000 12.195122
200 0.000169 0.019072 200.000000 11.560694
200 0.000044 0.020249 300.000000 11.029411
200 0.000070 0.018947 400.000000 10.869565
200 0.000060 0.018240 500.000000 10.638298
200 0.000102 0.011307 600.000000 10.507881
200 0.000083 0.009235 700.000000 10.819165
200 0.000049 0.010421 800.000000 10.723861
210 0.000187 0.014342 100.000000 12.820513
210 0.000159 0.018594 200.000000 11.695907
210 0.000050 0.018786 300.000000 11.111111
210 0.000076 0.017837 400.000000 10.928962
210 0.000073 0.016732 500.000000 10.615711
210 0.000102 0.009980 600.000000 10.563380
210 0.000081 0.010060 700.000000 10.852714
210 0.000054 0.011899 800.000000 10.709505
220 0.000185 0.015158 100.000000 13.333333
220 0.000158 0.020800 200.000000 11.695907
220 0.000045 0.019469 300.000000 11.194030
220 0.000076 0.018615 400.000000 10.989011
220 0.000074 0.016815 500.000000 10.593221
220 0.000102 0.009537 600.000000 10.619469
220 0.000076 0.009788 700.000000 10.852714
220 0.000052 0.011642 800.000000 10.666667
230 0.000141 0.012349 100.000000 13.698630
230 0.000104 0.018014 200.000000 11.560694
230 0.000059 0.015542 300.000000 11.194030
230 0.000085 0.016392 400.000000 10.989011
230 0.000101 0.014511 500.000000 10.548523
230 0.000114 0.006541 600.000000 10.657193
230 0.000082 0.010365 700.000000 10.852714
230 0.000058 0.013206 800.000000 10.582010
240 0.000135 0.011749 100.000000 13.513514
240 0.000078 0.017319 200.000000 11.428572
240 0.000051 0.013303 300.000000 11.152416
240 0.000076 0.015110 400.000000 10.958904
240 0.000115 0.012006 500.000000 10.460251
240 0.000117 0.005572 600.000000 10.676157
240 0.000080 0.011216 700.000000 10.835914
240 0.000059 0.014143 800.000000 10.498688
250 0.000164 0.010296 100.000000 13.157895
250 0.000035 0.015390 200.000000 11.173184
250 0.000073 0.010025 300.000000 10.989011
250 0.000088 0.013042 400.000000 10.869565
250 0.000123 0.009101 500.000000 10.395010
250 0.000112 0.007338 600.000000 10.695188
250 0.000076 0.013430 700.000000 10.819165
250 0.000053 0.015931 800.000000 10.430247
260 0.000172 0.010322 100.000000 12.500000
260 0.000056 0.013421 200.000000 10.928962
260 0.000079 0.008789 300.000000 10.791367
260 0.000082 0.011664 400.000000 10.752688
260 0.000122 0.006896 500.000000 10.309278
260 0.000109 0.010200 600.000000 10.676157
260 0.000074 0.015619 700.000000 10.769231
260 0.000056 0.017373 800.000000 10.376135
270 0.000178 0.010069 100.000000 11.627907
270 0.000089 0.010890 200.000000 10.695188
270 0.000096 0.008589 300.000000 10.600707
270 0.000100 0.010884 400.000000 10.526316
270 0.000135 0.006621 500.000000 10.245902
270 0.000117 0.013456 600.000000 10.657193
270 0.000077 0.018164 700.000000 10.703364
270 0.000058 0.019045 800.000000 10.309278
280 0.000131 0.008550 100.000000 10.869565
280 0.000113 0.008094 200.000000 10.471204
280 0.000124 0.007407 300.000000 10.452962
280 0.000120 0.008758 400.000000 10.282776
280 0.000150 0.010044 500.000000 10.183299
280 0.000121 0.018796 600.000000 10.600707
280 0.000079 0.023024 700.000000 10.542169
280 0.000068 0.022288 800.000000 10.243278
290 0.000133 0.011005 100.000000 10.416667
290 0.000132 0.008385 200.000000 10.309278
290 0.000141 0.008270 300.000000 10.344828
290 0.000130 0.009106 400.000000 10.101010
290 0.000150 0.010603 500.000000 10.162601
290 0.000118 0.019620 600.000000 10.526316
290 0.000082 0.023738 700.000000 10.385756
290 0.000070 0.022187 800.000000 10.191083
300 0.000074 0.011185 100.000000 9.900990
300 0.000133 0.007629 200.000000 10.204082
300 0.000150 0.008082 300.000000 10.273973
300 0.000155 0.008293 400.000000 9.950249
300 0.000153 0.012932 500.000000 10.162601
300 0.000112 0.021953 600.000000 10.471204
300 0.000078 0.025590 700.000000 10.248902
300 0.000070 0.023458 800.000000 10.139417
310 0.000079 0.012099 100.000000 9.708738
310 0.000132 0.005987 200.000000 10.152285
310 0.000136 0.009462 300.000000 10.238908
310 0.000170 0.008580 400.000000 9.876543
310 0.000156 0.013008 500.000000 10.204082
310 0.000108 0.021889 600.000000 10.452962
310 0.000077 0.025016 700.000000 10.159652
310 0.000069 0.023633 800.000000 10.050251
320 0.000152 0.010487 100.000000 9.615385
320 0.000163 0.006157 200.000000 10.101010
320 0.000163 0.010416 300.000000 10.238908
320 0.000180 0.008330 400.000000 9.828010
320 0.000160 0.014743 500.000000 10.245902
320 0.000111 0.023467 600.000000 10.452962
320 0.000078 0.026032 700.000000 10.115607
320 0.000076 0.025064 800.000000 9.962640
330 0.000247 0.007295 100.000000 9.523809
330 0.000197 0.006529 200.000000 10.050251
330 0.000171 0.009855 300.000000 10.238908
330 0.000195 0.008728 400.000000 9.852217
330 0.000164 0.018428 500.000000 10.309278
330 0.000115 0.026630 600.000000 10.489511
330 0.000081 0.028644 700.000000 10.115607
330 0.000074 0.027002 800.000000 9.925558
340 0.000283 0.006879 100.000000 9.615385
340 0.000208 0.007038 200.000000 10.000000
340 0.000165 0.009734 300.000000 10.238908
340 0.000195 0.009736 400.000000 9.852217
340 0.000163 0.020944 500.000000 10.373444
340 0.000115 0.028318 600.000000 10.507881
340 0.000086 0.029455 700.000000 10.115607
340 0.000076 0.027393 800.000000 9.913259
350 0.000340 0.007718 100.000000 9.708738
350 0.000223 0.007606 200.000000 10.050251
350 0.000179 0.009740 300.000000 10.204082
350 0.000202 0.011440 400.000000 9.900990
350 0.000165 0.023564 500.000000 10.438414
350 0.000117 0.030227 600.000000 10.526316
350 0.000088 0.030356 700.000000 10.130246
350 0.000080 0.027793 800.000000 9.925558
360 0.000332 0.008831 100.000000 9.803922
360 0.000233 0.007246 200.000000 10.101010
360 0.000187 0.010277 300.000000 10.135135
360 0.000213 0.012384 400.000000 9.950249
360 0.000177 0.025242 500.000000 10.482181
360 0.000115 0.031152 600.000000 10.507881
360 0.000092 0.030546 700.000000 10.130246
360 0.000080 0.027703 800.000000 9.937888
370 0.000343 0.013667 100.000000 9.900990
370 0.000245 0.009227 200.000000 10.152285
370 0.000201 0.009086 300.000000 10.033444
370 0.000217 0.016901 400.000000 10.000000
370 0.000170 0.029036 500.000000 10.526316
370 0.000114 0.034361 600.000000 10.452962
370 0.000095 0.031982 700.000000 10.130246
370 0.000082 0.027902 800.000000 9.950249
380 0.000382 0.016862 100.000000 10.000000
380 0.000261 0.009310 200.000000 10.204082
380 0.000222 0.009676 300.000000 9.966778
380 0.000215 0.019779 400.000000 10.050251
380 0.000165 0.031620 500.000000 10.526316
380 0.000116 0.036777 600.000000 10.380623
380 0.000095 0.033002 700.000000 10.144928
380 0.000084 0.028035 800.000000 9.962640
390 0.000378 0.016841 100.000000 10.204082
390 0.000276 0.008034 200.000000 10.309278
390 0.000224 0.009812 300.000000 9.933775
390 0.000217 0.020623 400.000000 10.101010
390 0.000161 0.032270 500.000000 10.526316
390 0.000113 0.036753 600.000000 10.344828
390 0.000099 0.032521 700.000000 10.144928
390 0.000088 0.027218 800.000000 9.975062
400 0.000333 0.015504 100.000000 10.309278
400 0.000252 0.007599 200.000000 10.362695
400 0.000230 0.009834 300.000000 9.900990
400 0.000207 0.020566 400.000000 10.204082
400 0.000147 0.031527 500.000000 10.548523
400 0.000101 0.035106 600.000000 10.273973
400 0.000090 0.031076 700.000000 10.144928
400 0.000084 0.025621 800.000000 10.000000
410 0.000287 0.015090 100.000000 10.416667
410 0.000204 0.008379 200.000000 10.471204
410 0.000220 0.011341 300.000000 9.900990
410 0.000187 0.022006 400.000000 10.282776
410 0.000130 0.030932 500.000000 10.570825
410 0.000088 0.033177 600.000000 10.221465
410 0.000079 0.029407 700.000000 10.101010
410 0.000084 0.023541 800.000000 10.025063
420 0.000219 0.010053 100.000000 10.526316
420 0.000192 0.009043 200.000000 10.471204
420 0.000199 0.010783 300.000000 9.868421
420 0.000174 0.019720 400.000000 10.362695
420 0.000117 0.027411 500.000000 10.615711
420 0.000077 0.028909 600.000000 10.186757
420 0.000077 0.026417 700.000000 10.014306
420 0.000077 0.021169 800.000000 10.062893
430 0.000193 0.005778 100.000000 10.416667
430 0.000166 0.010728 200.000000 10.526316
430 0.000191 0.010040 300.000000 9.868421
430 0.000156 0.017447 400.000000 10.443864
430 0.000099 0.023983 500.000000 10.638298
430 0.000067 0.025040 600.000000 10.186757
430 0.000062 0.023364 700.000000 9.971510
430 0.000074 0.018962 800.000000 10.088272
440 0.000182 0.004420 100.000000 10.309278
440 0.000132 0.010904 200.000000 10.526316
440 0.000182 0.009348 300.000000 9.900990
440 0.000144 0.017336 400.000000 10.526316
440 0.000091 0.022653 500.000000 10.683761
440 0.000068 0.023284 600.000000 10.186757
440 0.000056 0.021826 700.000000 9.943182
440 0.000070 0.017793 800.000000 10.126582
450 0.000221 0.006065 100.000000 10.309278
450 0.000115 0.012218 200.000000 10.416667
450 0.000167 0.007745 300.000000 9.933775
450 0.000136 0.015501 400.000000 10.582010
450 0.000080 0.019501 500.000000 10.683761
450 0.000059 0.020052 600.000000 10.186757
450 0.000052 0.019330 700.000000 9.943182
450 0.000064 0.016202 800.000000 10.152285
460 0.000256 0.010405 100.000000 10.309278
460 0.000121 0.014812 200.000000 10.256411
460 0.000189 0.006598 300.000000 9.933775
460 0.000151 0.015523 400.000000 10.638298
460 0.000082 0.019012 500.000000 10.638298
460 0.000066 0.019671 600.000000 10.169492
460 0.000052 0.019264 700.000000 9.943182
460 0.000067 0.016471 800.000000 10.178117
470 0.000258 0.011047 100.000000 10.309278
470 0.000138 0.013188 200.000000 10.050251
470 0.000196 0.007283 300.000000 9.966778
470 0.000143 0.017724 400.000000 10.638298
470 0.000080 0.020320 500.000000 10.526316
470 0.000070 0.020240 600.000000 10.152285
470 0.000054 0.019166 700.000000 9.929078
470 0.000062 0.016373 800.000000 10.204082
480 0.000273 0.012487 100.000000 10.309278
480 0.000146 0.011616 200.000000 9.852217
480 0.000183 0.008729 300.000000 10.000000
480 0.000129 0.018570 400.000000 10.610080
480 0.000077 0.020566 500.000000 10.416667
480 0.000063 0.019794 600.000000 10.135135
480 0.000053 0.018259 700.000000 9.929078
480 0.000060 0.015775 800.000000 10.243278
490 0.000268 0.014330 100.000000 10.204082
490 0.000170 0.010237 200.000000 9.708738
490 0.000185 0.010278 300.000000 10.067114
490 0.000117 0.020099 400.000000 10.582010
490 0.000070 0.021681 500.000000 10.309278
490 0.000063 0.020343 600.000000 10.101010
490 0.000053 0.018345 700.000000 9.929078
490 0.000059 0.015789 800.000000 10.269576
500 0.000183 0.014832 100.000000 10.309278
500 0.000188 0.008836 200.000000 9.615385
500 0.000181 0.012392 300.000000 10.135135
500 0.000106 0.020926 400.000000 10.582010
500 0.000069 0.022003 500.000000 10.183299
500 0.000055 0.020742 600.000000 10.050251
500 0.000055 0.018186 700.000000 9.943182
500 0.000059 0.015511 800.000000 10.309278
510 0.000174 0.015872 100.000000 10.309278
510 0.000204 0.007364 200.000000 9.523809
510 0.000181 0.014526 300.000000 10.204082
510 0.000102 0.021800 400.000000 10.582010
510 0.000065 0.022505 500.000000 10.101010
510 0.000056 0.021572 600.000000 9.950249
510 0.000060 0.018436 700.000000 9.971510
510 0.000061 0.015582 800.000000 10.335917
520 0.000177 0.013040 100.000000 10.416667
520 0.000202 0.007027 200.000000 9.523809
520 0.000161 0.016782 300.000000 10.344828
520 0.000083 0.022040 400.000000 10.638298
520 0.000049 0.022161 500.000000 10.101010
520 0.000048 0.020741 600.000000 9.884679
520 0.000058 0.017071 700.000000 10.000000
520 0.000055 0.014250 800.000000 10.389610
530 0.000181 0.009209 100.000000 10.526316
530 0.000199 0.012136 200.000000 9.569378
530 0.000144 0.021114 300.000000 10.452962
530 0.000079 0.024394 400.000000 10.695188
530 0.000044 0.023409 500.000000 10.121457
530 0.000039 0.020575 600.000000 9.852217
530 0.000058 0.015973 700.000000 10.043041
530 0.000055 0.012628 800.000000 10.443864
540 0.000224 0.009428 100.000000 10.526316
540 0.000186 0.015572 200.000000 9.661836
540 0.000139 0.023512 300.000000 10.563380
540 0.000077 0.025608 400.000000 10.752688
540 0.000045 0.023641 500.000000 10.121457
540 0.000039 0.020356 600.000000 9.852217
540 0.000056 0.015198 700.000000 10.086455
540 0.000056 0.011599 800.000000 10.484928
550 0.000231 0.010069 100.000000 10.309278
550 0.000188 0.017494 200.000000 9.708738
550 0.000136 0.024704 300.000000 10.676157
550 0.000070 0.026077 400.000000 10.752688
550 0.000044 0.023127 500.000000 10.121457
550 0.000039 0.019852 600.000000 9.868421
550 0.000056 0.014716 700.000000 10.130246
550 0.000056 0.011084 800.000000 10.526316
560 0.000247 0.013289 100.000000 9.803922
560 0.000180 0.020444 200.000000 9.708738
560 0.000132 0.025591 300.000000 10.714286
560 0.000060 0.025860 400.000000 10.638298
560 0.000042 0.021770 500.000000 10.101010
560 0.000039 0.018360 600.000000 9.852217
560 0.000054 0.013243 700.000000 10.159652
560 0.000052 0.009788 800.000000 10.554090
570 0.000269 0.017618 100.000000 9.523809
570 0.000181 0.022877 200.000000 9.756098
570 0.000107 0.026029 300.000000 10.676157
570 0.000049 0.025557 400.000000 10.498688
570 0.000041 0.020473 500.000000 10.080646
570 0.000044 0.016604 600.000000 9.852217
570 0.000049 0.011988 700.000000 10.189228
570 0.000050 0.008606 800.000000 10.596026
580 0.000228 0.018106 100.000000 9.259259
580 0.000172 0.022752 200.000000 9.852217
580 0.000104 0.025787 300.000000 10.676157
580 0.000043 0.024844 400.000000 10.362695
580 0.000040 0.019737 500.000000 10.060362
580 0.000039 0.016135 600.000000 9.852217
580 0.000047 0.012171 700.000000 10.233918
580 0.000046 0.009007 800.000000 10.624170
590 0.000199 0.017608 100.000000 9.009009
590 0.000160 0.020237 200.000000 9.950249
590 0.000071 0.022490 300.000000 10.638298
590 0.000032 0.020560 400.000000 10.204082
590 0.000029 0.017015 500.000000 10.020041
590 0.000030 0.014533 600.000000 9.852217
590 0.000037 0.011733 700.000000 10.263929
590 0.000041 0.009223 800.000000 10.652463
600 0.000269 0.015120 100.000000 8.849558
600 0.000192 0.023281 200.000000 10.050251
600 0.000084 0.026316 300.000000 10.600707
600 0.000039 0.024199 400.000000 10.075566
600 0.000030 0.021072 500.000000 9.920635
600 0.000044 0.017668 600.000000 9.868421
600 0.000044 0.014334 700.000000 10.294118
600 0.000048 0.011621 800.000000 10.695188
610 0.000240 0.013481 100.000000 8.695652
610 0.000182 0.022218 200.000000 10.152285
610 0.000067 0.023572 300.000000 10.638298
610 0.000038 0.021473 400.000000 10.000000
610 0.000038 0.019858 500.000000 9.803922
610 0.000044 0.016995 600.000000 9.900990
610 0.000042 0.014451 700.000000 10.339734
610 0.000048 0.012452 800.000000 10.723861
620 0.000285 0.012710 100.000000 8.695652
620 0.000174 0.022483 200.000000 10.309278
620 0.000056 0.022690 300.000000 10.676157
620 0.000040 0.021120 400.000000 10.000000
620 0.000029 0.020332 500.000000 9.727627
620 0.000043 0.017560 600.000000 9.933775
620 0.000044 0.015457 700.000000 10.385756
620 0.000049 0.013659 800.000000 10.767160
630 0.000362 0.012841 100.000000 8.771930
630 0.000202 0.026433 200.000000 10.471204
630 0.000078 0.025669 300.000000 10.752688
630 0.000058 0.024514 400.000000 10.000000
630 0.000037 0.024022 500.000000 9.708738
630 0.000055 0.020682 600.000000 9.983361
630 0.000054 0.018395 700.000000 10.447762
630 0.000060 0.016428 800.000000 10.810811
640 0.000375 0.013251 100.000000 8.928572
640 0.000210 0.026256 200.000000 10.638298
640 0.000073 0.023492 300.000000 10.830325
640 0.000054 0.023145 400.000000 10.025063
640 0.000038 0.023283 500.000000 9.727627
640 0.000055 0.020516 600.000000 10.033444
640 0.000055 0.018658 700.000000 10.494753
640 0.000060 0.016916 800.000000 10.869565
650 0.000376 0.014634 100.000000 9.174312
650 0.000198 0.024898 200.000000 10.869565
650 0.000071 0.021014 300.000000 10.869565
650 0.000052 0.020702 400.000000 10.075566
650 0.000034 0.020873 500.000000 9.765625
650 0.000049 0.018319 600.000000 10.101010
650 0.000052 0.016685 700.000000 10.574018
650 0.000059 0.015066 800.000000 10.928962
660 0.000402 0.017871 100.000000 9.433962
660 0.000213 0.027818 200.000000 11.111111
660 0.000074 0.022386 300.000000 10.869565
660 0.000065 0.022475 400.000000 10.126582
660 0.000035 0.022695 500.000000 9.823183
660 0.000051 0.020003 600.000000 10.186757
660 0.000055 0.018364 700.000000 10.638298
660 0.000063 0.016488 800.000000 11.004127
670 0.000383 0.016319 100.000000 9.803922
670 0.000183 0.024111 200.000000 11.299435
670 0.000075 0.018092 300.000000 10.830325
670 0.000067 0.018914 400.000000 10.178117
670 0.000032 0.019546 500.000000 9.881423
670 0.000040 0.018001 600.000000 10.256411
670 0.000048 0.016793 700.000000 10.719755
670 0.000059 0.015331 800.000000 11.065007
680 0.000347 0.016072 100.000000 10.101010
680 0.000145 0.021311 200.000000 11.363636
680 0.000071 0.015514 300.000000 10.791367
680 0.000054 0.016151 400.000000 10.230179
680 0.000028 0.016828 500.000000 9.920635
680 0.000039 0.015759 600.000000 10.344828
680 0.000043 0.014737 700.000000 10.785825
680 0.000060 0.013496 800.000000 11.142061
690 0.000366 0.017644 100.000000 10.526316
690 0.000132 0.021827 200.000000 11.494253
690 0.000078 0.015810 300.000000 10.714286
690 0.000059 0.016257 400.000000 10.256411
690 0.000032 0.017099 500.000000 9.960159
690 0.000041 0.016392 600.000000 10.416667
690 0.000042 0.015453 700.000000 10.852714
690 0.000067 0.014263 800.000000 11.204482
700 0.000302 0.013774 100.000000 10.869565
700 0.000077 0.015110 200.000000 11.560694
700 0.000083 0.010795 300.000000 10.600707
700 0.000050 0.011071 400.000000 10.282776
700 0.000027 0.012304 500.000000 10.020041
700 0.000035 0.012048 600.000000 10.489511
700 0.000037 0.011298 700.000000 10.920437
700 0.000061 0.010930 800.000000 11.267606
710 0.000276 0.013227 100.000000 11.363636
710 0.000053 0.012206 200.000000 11.695907
710 0.000079 0.009276 300.000000 10.526316
710 0.000048 0.009548 400.000000 10.230179
710 0.000026 0.010724 500.000000 10.080646
710 0.000035 0.010418 600.000000 10.563380
710 0.000035 0.009693 700.000000 10.989011
710 0.000056 0.009600 800.000000 11.331445
720 0.000234 0.012498 100.000000 11.764706
720 0.000039 0.009734 200.000000 11.834319
720 0.000076 0.008186 300.000000 10.489511
720 0.000057 0.007926 400.000000 10.126582
720 0.000024 0.008376 500.000000 10.121457
720 0.000034 0.007755 600.000000 10.619469
720 0.000035 0.007163 700.000000 11.041010
720 0.000055 0.007562 800.000000 11.396011
730 0.000147 0.009365 100.000000 12.195122
730 0.000066 0.006724 200.000000 11.904762
730 0.000092 0.006469 300.000000 10.452962
730 0.000068 0.005559 400.000000 10.000000
730 0.000032 0.004425 500.000000 10.183299
730 0.000035 0.003331 600.000000 10.695188
730 0.000036 0.003282 700.000000 11.093502
730 0.000053 0.005489 800.000000 11.444921
740 0.000079 0.009131 100.000000 12.658228
740 0.000084 0.005915 200.000000 11.976048
740 0.000091 0.006061 300.000000 10.416667
740 0.000068 0.005347 400.000000 9.950249
740 0.000035 0.003355 500.000000 10.224949
740 0.000036 0.001281 600.000000 10.733453
740 0.000037 0.001695 700.000000 11.146497
740 0.000053 0.004849 800.000000 11.494253
750 0.000092 0.008557 100.000000 12.987013
750 0.000098 0.004994 200.000000 11.976048
750 0.000100 0.005422 300.000000 10.416667
750 0.000062 0.005198 400.000000 9.925558
750 0.000037 0.003025 500.000000 10.266940
750 0.000035 0.001050 600.000000 10.791367
750 0.000038 0.002129 700.000000 11.182109
750 0.000056 0.005116 800.000000 11.544011
760 0.000056 0.007201 100.000000 13.157895
760 0.000119 0.004246 200.000000 11.834319
760 0.000094 0.005715 300.000000 10.344828
760 0.000073 0.005273 400.000000 9.900990
760 0.000048 0.004010 500.000000 10.288066
760 0.000038 0.003352 600.000000 10.830325
760 0.000040 0.004731 700.000000 11.217949
760 0.000050 0.006453 800.000000 11.577424
770 0.000053 0.006856 100.000000 12.987013
770 0.000121 0.005622 200.000000 11.363636
770 0.000093 0.006911 300.000000 10.273973
770 0.000072 0.006053 400.000000 9.852217
770 0.000057 0.004920 500.000000 10.330579
770 0.000038 0.004266 600.000000 10.849910
770 0.000039 0.005144 700.000000 11.254020
770 0.000049 0.006299 800.000000 11.611031
780 0.000095 0.006666 100.000000 12.658228
780 0.000106 0.006541 200.000000 10.928962
780 0.000086 0.006871 300.000000 10.169492
780 0.000078 0.006348 400.000000 9.828010
780 0.000055 0.005568 500.000000 10.351967
780 0.000039 0.005475 600.000000 10.869565
780 0.000043 0.006502 700.000000 11.272141
780 0.000050 0.007446 800.000000 11.627907
790 0.000170 0.006906 100.000000 12.048193
790 0.000121 0.007916 200.000000 10.416667
790 0.000094 0.008050 300.000000 10.033444
790 0.000073 0.007449 400.000000 9.779951
790 0.000055 0.006810 500.000000 10.373444
790 0.000037 0.007193 600.000000 10.889292
790 0.000044 0.007975 700.000000 11.290322
790 0.000048 0.008564 800.000000 11.644833
800 0.000204 0.005551 100.000000 11.764706
800 0.000134 0.007978 200.000000 9.950249
800 0.000102 0.008716 300.000000 9.740260
800 0.000059 0.007878 400.000000 9.756098
800 0.000052 0.007498 500.000000 10.373444
800 0.000041 0.008034 600.000000 10.889292
800 0.000044 0.008939 700.000000 11.308562
800 0.000051 0.009637 800.000000 11.611031
810 0.000203 0.004500 100.000000 11.363636
810 0.000142 0.007321 200.000000 9.661836
810 0.000094 0.007777 300.000000 9.404388
810 0.000057 0.007121 400.000000 9.732360
810 0.000043 0.006778 500.000000 10.395010
810 0.000039 0.007380 600.000000 10.889292
810 0.000048 0.008605 700.000000 11.308562
810 0.000055 0.009666 800.000000 11.510792
820 0.000185 0.005842 100.000000 11.111111
820 0.000121 0.007366 200.000000 9.478673
820 0.000088 0.007627 300.000000 9.202454
820 0.000041 0.006180 400.000000 9.708738
820 0.000035 0.005269 500.000000 10.395010
820 0.000038 0.004915 600.000000 10.909091
820 0.000051 0.005797 700.000000 11.326860
820 0.000050 0.007246 800.000000 11.267606
830 0.000205 0.006283 100.000000 10.752688
830 0.000134 0.007026 200.000000 9.345795
830 0.000088 0.007371 300.000000 9.118541
830 0.000050 0.006261 400.000000 9.732360
830 0.000037 0.005734 500.000000 10.416667
830 0.000040 0.006140 600.000000 10.909091
830 0.000054 0.006939 700.000000 11.345219
830 0.000052 0.008195 800.000000 11.111111
840 0.000233 0.007709 100.000000 10.204082
840 0.000128 0.008015 200.000000 9.259259
840 0.000093 0.007426 300.000000 9.090909
840 0.000057 0.006111 400.000000 9.756098
840 0.000037 0.005127 500.000000 10.438414
840 0.000040 0.005175 600.000000 10.948905
840 0.000052 0.005737 700.000000 11.382113
840 0.000057 0.007236 800.000000 11.034483
850 0.000154 0.008698 100.000000 9.708738
850 0.000107 0.006880 200.000000 9.216590
850 0.000084 0.006853 300.000000 9.090909
850 0.000059 0.005688 400.000000 9.803922
850 0.000036 0.005044 500.000000 10.504202
850 0.000044 0.005568 600.000000 11.009174
850 0.000059 0.006394 700.000000 11.419250
850 0.000061 0.007811 800.000000 10.973937
860 0.000143 0.011248 100.000000 9.433962
860 0.000096 0.006436 200.000000 9.216590
860 0.000071 0.006616 300.000000 9.118541
860 0.000043 0.005181 400.000000 9.900990
860 0.000028 0.003091 500.000000 10.570825
860 0.000048 0.001601 600.000000 11.070110
860 0.000061 0.003459 700.000000 11.494253
870 0.000173 0.010845 100.000000 9.009009
870 0.000079 0.005683 200.000000 9.174312
870 0.000044 0.006416 300.000000 9.146341
870 0.000036 0.005017 400.000000 9.975062
870 0.000030 0.002423 500.000000 10.638298
870 0.000056 0.001441 600.000000 11.131725
870 0.000065 0.004158 700.000000 11.532125
880 0.000169 0.010776 100.000000 8.620689
880 0.000076 0.007013 200.000000 9.009009
880 0.000019 0.007573 300.000000 9.174312
880 0.000033 0.005844 400.000000 10.025063
880 0.000036 0.003265 500.000000 10.683761
880 0.000063 0.002901 600.000000 11.194030
880 0.000072 0.005455 700.000000 11.570248
890 0.000176 0.011315 100.000000 8.403361
890 0.000071 0.009014 200.000000 8.733624
890 0.000023 0.007985 300.000000 9.202454
890 0.000034 0.006073 400.000000 10.101010
890 0.000040 0.003632 500.000000 10.729613
890 0.000065 0.003453 600.000000 11.235955
890 0.000077 0.005877 700.000000 11.570248
900 0.000167 0.012682 100.000000 8.264462
900 0.000070 0.012345 200.000000 8.510638
900 0.000034 0.009499 300.000000 9.259259
900 0.000039 0.007459 400.000000 10.152285
900 0.000050 0.004910 500.000000 10.775862
900 0.000077 0.004290 600.000000 11.278195
900 0.000082 0.005926 700.000000 11.419250
910 0.000129 0.013804 100.000000 8.130081
910 0.000055 0.014459 200.000000 8.403361
910 0.000035 0.010492 300.000000 9.287926
910 0.000041 0.008362 400.000000 10.204082
910 0.000053 0.005363 500.000000 10.822511
910 0.000085 0.004599 600.000000 11.320755
910 0.000077 0.005332 700.000000 11.217949
920 0.000101 0.013174 100.000000 8.130081
920 0.000035 0.013936 200.000000 8.403361
920 0.000039 0.009321 300.000000 9.345795
920 0.000045 0.006766 400.000000 10.256411
920 0.000055 0.002889 500.000000 10.893247
920 0.000087 0.002111 600.000000 11.406844
920 0.000082 0.003676 700.000000 11.128776
930 0.000078 0.014084 100.000000 8.264462
930 0.000034 0.014689 200.000000 8.474576
930 0.000046 0.009725 300.000000 9.463722
930 0.000045 0.007165 400.000000 10.389610
930 0.000059 0.003071 500.000000 10.989011
930 0.000089 0.000528 600.000000 11.494253
930 0.000088 0.003529 700.000000 11.128776
940 0.000104 0.013811 100.000000 8.403361
940 0.000027 0.014528 200.000000 8.583691
940 0.000039 0.010044 300.000000 9.615385
940 0.000046 0.007296 400.000000 10.526316
940 0.000062 0.003335 500.000000 11.111111
940 0.000090 0.002721 600.000000 11.605416
940 0.000088 0.003301 700.000000 11.146497
950 0.000085 0.008936 100.000000 8.620689
950 0.000065 0.009127 200.000000 8.733624
950 0.000056 0.005880 300.000000 9.771987
950 0.000051 0.003809 400.000000 10.666667
950 0.000069 0.003903 500.000000 11.235955
950 0.000090 0.005484 600.000000 11.718750
950 0.000090 0.007899 700.000000 11.146497
960 0.000083 0.007326 100.000000 8.849558
960 0.000065 0.007104 200.000000 8.849558
960 0.000062 0.004736 300.000000 9.933775
960 0.000055 0.003814 400.000000 10.781672
960 0.000080 0.005719 500.000000 11.363636
960 0.000093 0.007553 600.000000 11.834319
960 0.000092 0.009424 700.000000 11.146497
970 0.000099 0.007837 100.000000 9.009009
970 0.000082 0.005950 200.000000 8.968610
970 0.000068 0.005166 300.000000 10.101010
970 0.000058 0.006233 400.000000 10.928962
970 0.000082 0.009038 500.000000 11.494253
970 0.000092 0.010568 600.000000 11.952191
980 0.000117 0.008699 100.000000 9.259259
980 0.000091 0.008310 200.000000 9.174312
980 0.000072 0.008363 300.000000 10.273973
980 0.000064 0.009781 400.000000 11.080333
980 0.000088 0.011934 500.000000 11.627907
980 0.000094 0.012962 600.000000 12.072434
990 0.000102 0.008245 100.000000 9.345795
990 0.000081 0.008908 200.000000 9.345795
990 0.000065 0.008080 300.000000 10.452962
990 0.000064 0.008673 400.000000 11.235955
990 0.000087 0.010128 500.000000 11.792453
990 0.000095 0.011007 600.000000 12.195122
1000 0.000067 0.007338 100.000000 9.174312
1000 0.000082 0.007670 200.000000 9.523809
1000 0.000066 0.006036 300.000000 10.638298
1000 0.000067 0.005970 400.000000 11.396011
1000 0.000092 0.007922 500.000000 11.904762
1000 0.000100 0.009165 600.000000 12.269938
1010 0.000068 0.008924 100.000000 8.928572
1010 0.000109 0.008215 200.000000 9.661836
1010 0.000075 0.007497 300.000000 10.791367
1010 0.000074 0.007810 400.000000 11.527377
1010 0.000097 0.010111 500.000000 12.048193
1010 0.000109 0.011480 600.000000 12.295082
1020 0.000066 0.011498 100.000000 8.695652
1020 0.000119 0.008572 200.000000 9.756098
1020 0.000081 0.007368 300.000000 10.948905
1020 0.000087 0.007148 400.000000 11.627907
1020 0.000106 0.008995 500.000000 12.135922
1020 0.000109 0.010716 600.000000 12.170385
1030 0.000055 0.013500 100.000000 8.620689
1030 0.000103 0.009137 200.000000 9.900990
1030 0.000075 0.007640 300.000000 11.070110
1030 0.000084 0.006929 400.000000 11.730206
1030 0.000107 0.008040 500.000000 12.224939
1030 0.000099 0.009804 600.000000 11.952191
1040 0.000057 0.015241 100.000000 8.620689
1040 0.000095 0.009002 200.000000 10.000000
1040 0.000084 0.007021 300.000000 11.194030
1040 0.000085 0.005485 400.000000 11.834319
1040 0.000114 0.006021 500.000000 12.345679
1040 0.000108 0.008270 600.000000 11.834319
1050 0.000079 0.016122 100.000000 8.620689
1050 0.000094 0.009987 200.000000 10.152285
1050 0.000075 0.008122 300.000000 11.320755
1050 0.000084 0.006507 400.000000 11.940298
1050 0.000114 0.006325 500.000000 12.437811
1050 0.000110 0.008897 600.000000 11.764706
1060 0.000124 0.014221 100.000000 8.695652
1060 0.000086 0.011019 200.000000 10.309278
1060 0.000071 0.009896 300.000000 11.450381
1060 0.000081 0.009684 400.000000 12.048193
1060 0.000109 0.009500 500.000000 12.531328
1060 0.000109 0.011692 600.000000 11.718750
1070 0.000090 0.014708 100.000000 8.771930
1070 0.000070 0.010462 200.000000 10.471204
1070 0.000069 0.007943 300.000000 11.583012
1070 0.000094 0.006212 400.000000 12.158054
1070 0.000112 0.005522 500.000000 12.626263
1070 0.000107 0.008451 600.000000 11.627907
1080 0.000107 0.014449 100.000000 8.849558
1080 0.000065 0.010494 200.000000 10.695188
1080 0.000059 0.007974 300.000000 11.718750
1080 0.000093 0.006516 400.000000 12.307693
1080 0.000107 0.005733 500.000000 12.755102
1090 0.000091 0.013915 100.000000 9.009009
1090 0.000064 0.009042 200.000000 10.869565
1090 0.000069 0.005773 300.000000 11.904762
1090 0.000108 0.003698 400.000000 12.461060
1090 0.000113 0.003947 500.000000 12.853471
1100 0.000113 0.013419 100.000000 9.345795
1100 0.000073 0.008426 200.000000 11.173184
1100 0.000075 0.005123 300.000000 12.096774
1100 0.000109 0.003246 400.000000 12.658228
1100 0.000116 0.003948 500.000000 12.987013
1110 0.000144 0.012550 100.000000 9.803922
1110 0.000086 0.008544 200.000000 11.560694
1110 0.000080 0.006224 300.000000 12.396694
1110 0.000113 0.005916 400.000000 12.861736
1110 0.000121 0.006090 500.000000 13.157895
1120 0.000167 0.011836 100.000000 10.309278
1120 0.000078 0.009196 200.000000 11.976048
1120 0.000078 0.008026 300.000000 12.658228
1120 0.000109 0.008818 400.000000 13.114754
1120 0.000121 0.009161 500.000000 13.262600
1130 0.000203 0.011147 100.000000 10.869565
1130 0.000100 0.008368 200.000000 12.345679
1130 0.000098 0.007187 300.000000 12.931034
1130 0.000126 0.008237 400.000000 13.333333
1130 0.000130 0.008907 500.000000 13.262600
1140 0.000207 0.008822 100.000000 11.235955
1140 0.000117 0.006364 200.000000 12.658228
1140 0.000112 0.006201 300.000000 13.157895
1140 0.000138 0.008382 400.000000 13.559322
1140 0.000128 0.010423 500.000000 13.054831
1150 0.000169 0.005670 100.000000 11.627907
1150 0.000107 0.003344 200.000000 12.903226
1150 0.000110 0.004364 300.000000 13.333333
1150 0.000147 0.007163 400.000000 13.698630
1150 0.000123 0.008978 500.000000 12.820513
1160 0.000166 0.006133 100.000000 11.904762
1160 0.000112 0.004185 200.000000 13.157895
1160 0.000110 0.005806 300.000000 13.513514
1160 0.000144 0.007875 400.000000 13.840831
1160 0.000125 0.010074 500.000000 12.690355
1170 0.000131 0.004823 100.000000 12.345679
1170 0.000106 0.002915 200.000000 13.333333
1170 0.000114 0.003643 300.000000 13.698630
1170 0.000144 0.005999 400.000000 13.986014
1170 0.000129 0.008068 500.000000 12.594459
1180 0.000120 0.006393 100.000000 12.658228
1180 0.000101 0.004222 200.000000 13.605442
1180 0.000125 0.003513 300.000000 13.824884
1180 0.000145 0.005937 400.000000 14.084507
1180 0.000131 0.006829 500.000000 12.468828
1190 0.000104 0.007146 100.000000 13.157895
1190 0.000082 0.004146 200.000000 13.793103
1190 0.000134 0.003275 300.000000 14.018692
1190 0.000138 0.005538 400.000000 14.234876
1200 0.000099 0.007652 100.000000 13.513514
1200 0.000090 0.004910 200.000000 13.986014
1200 0.000141 0.005329 300.000000 14.150944
1200 0.000139 0.007873 400.000000 14.285714
1210 0.000076 0.005592 100.000000 13.698630
1210 0.000062 0.003349 200.000000 14.084507
1210 0.000117 0.005370 300.000000 14.285714
1210 0.000120 0.007938 400.000000 14.285714
1220 0.000088 0.007742 100.000000 13.888889
1220 0.000079 0.005555 200.000000 14.184397
1220 0.000134 0.006744 300.000000 14.354067
1220 0.000133 0.008802 400.000000 13.986014
1230 0.000061 0.008103 100.000000 14.084507
1230 0.000075 0.004339 200.000000 14.285714
1230 0.000130 0.005089 300.000000 14.423077
1230 0.000112 0.005969 400.000000 13.333333
1240 0.000074 0.008751 100.000000 14.285714
1240 0.000082 0.004019 200.000000 14.285714
1240 0.000145 0.003747 300.000000 14.492754
1240 0.000119 0.003468 400.000000 12.861736
1250 0.000098 0.010271 100.000000 14.285714
1250 0.000109 0.004951 200.000000 14.388489
1250 0.000156 0.003978 300.000000 14.492754
1250 0.000135 0.002514 400.000000 12.578616
1260 0.000089 0.008537 100.000000 14.285714
1260 0.000138 0.004367 200.000000 14.388489
1260 0.000157 0.003340 300.000000 14.563107
1260 0.000134 0.003613 400.000000 12.232416
1270 0.000095 0.007771 100.000000 14.285714
1270 0.000156 0.004514 200.000000 14.388489
1270 0.000152 0.002900 300.000000 14.492754
1280 0.000090 0.006609 100.000000 14.084507
1280 0.000163 0.004170 200.000000 14.388489
1280 0.000158 0.004307 300.000000 14.423077
1290 0.000091 0.005479 100.000000 14.084507
1290 0.000165 0.005201 200.000000 14.388489
1290 0.000156 0.004779 300.000000 13.953488
1300 0.000119 0.005573 100.000000 14.084507
1300 0.000173 0.005321 200.000000 14.388489
1300 0.000136 0.004811 300.000000 12.931034
1310 0.000093 0.005746 100.000000 14.084507
1310 0.000183 0.005284 200.000000 14.492754
1310 0.000141 0.004150 300.000000 12.345679
1320 0.000127 0.006136 100.000000 14.084507
1320 0.000185 0.004473 200.000000 14.492754
1320 0.000156 0.005433 300.000000 12.000000
1330 0.000228 0.005901 100.000000 14.084507
1330 0.000198 0.006474 200.000000 14.492754
1330 0.000155 0.005414 300.000000 11.538462
1340 0.000243 0.006442 100.000000 14.084507
1340 0.000187 0.006212 200.000000 14.492754
1350 0.000247 0.006275 100.000000 14.285714
1350 0.000192 0.006824 200.000000 14.285714
1360 0.000246 0.006423 100.000000 14.285714
1360 0.000191 0.005996 200.000000 13.605442
1370 0.000237 0.006560 100.000000 14.492754
1370 0.000148 0.004470 200.000000 12.269938
1380 0.000283 0.007675 100.000000 14.492754
1380 0.000159 0.002857 200.000000 11.494253
1390 0.000271 0.008939 100.000000 14.492754
1390 0.000177 0.002115 200.000000 11.049724
1400 0.000187 0.007223 100.000000 14.492754
1410 0.000147 0.006604 100.000000 14.492754
1420 0.000171 0.005027 100.000000 13.888889
1430 0.000144 0.004440 100.000000 12.195122
1440 0.000062 0.005088 100.000000 10.101010
1450 0.000135 0.001834 100.000000 9.259259
1460 0.000129 0.004673 100.000000 8.547009
