0 0.000116 0.012209 100.000000 7.633588
0 0.000222 0.016472 200.000000 7.782101
0 0.000156 0.018816 300.000000 7.772021
0 0.000114 0.022238 400.000000 8.146640
0 0.000101 0.020491 500.000000 8.051530
0 0.000093 0.019747 600.000000 7.957560
0 0.000088 0.017410 700.000000 8.505467
0 0.000089 0.012057 800.000000 8.528785
10 0.000120 0.012898 100.000000 8.130081
10 0.000244 0.016032 200.000000 8.000000
10 0.000174 0.017765 300.000000 7.936508
10 0.000122 0.020933 400.000000 8.281573
10 0.000113 0.018858 500.000000 8.064516
10 0.000097 0.017988 600.000000 8.042895
10 0.000089 0.015255 700.000000 8.599508
10 0.000092 0.009862 800.000000 8.592911
20 0.000119 0.012265 100.000000 8.547009
20 0.000243 0.014952 200.000000 8.163265
20 0.000176 0.017137 300.000000 8.064516
20 0.000129 0.021123 400.000000 8.403361
20 0.000105 0.018723 500.000000 7.974482
20 0.000097 0.018511 600.000000 8.130081
20 0.000094 0.015969 700.000000 8.674102
20 0.000094 0.010175 800.000000 8.658009
30 0.000102 0.011745 100.000000 8.928572
30 0.000264 0.014226 200.000000 8.230453
30 0.000162 0.016480 300.000000 8.152174
30 0.000132 0.021047 400.000000 8.474576
30 0.000109 0.018248 500.000000 7.898894
30 0.000094 0.018494 600.000000 8.196721
30 0.000093 0.016434 700.000000 8.750000
30 0.000092 0.010192 800.000000 8.686211
40 0.000157 0.014279 100.000000 9.009009
40 0.000271 0.018547 200.000000 8.230453
40 0.000174 0.021988 300.000000 8.174387
40 0.000144 0.027240 400.000000 8.528785
40 0.000121 0.024443 500.000000 7.861635
40 0.000101 0.024454 600.000000 8.241758
40 0.000103 0.022496 700.000000 8.793970
40 0.000093 0.014433 800.000000 8.629990
50 0.000137 0.013174 100.000000 9.090909
50 0.000264 0.016343 200.000000 8.196721
50 0.000188 0.019291 300.000000 8.196721
50 0.000155 0.024089 400.000000 8.547009
50 0.000123 0.020879 500.000000 7.861635
50 0.000101 0.020256 600.000000 8.287292
50 0.000097 0.018207 700.000000 8.816121
50 0.000089 0.010023 800.000000 8.333333
60 0.000136 0.012554 100.000000 9.174312
60 0.000271 0.016009 200.000000 8.163265
60 0.000177 0.019134 300.000000 8.219178
60 0.000155 0.022845 400.000000 8.547009
60 0.000126 0.019550 500.000000 7.861635
60 0.000100 0.018301 600.000000 8.333333
60 0.000097 0.016244 700.000000 8.805032
60 0.000092 0.007683 800.000000 8.281573
70 0.000109 0.011803 100.000000 9.174312
70 0.000242 0.016301 200.000000 8.163265
70 0.000191 0.020299 300.000000 8.264462
70 0.000160 0.024026 400.000000 8.528785
70 0.000137 0.020857 500.000000 7.886436
70 0.000104 0.019207 600.000000 8.391608
70 0.000095 0.016813 700.000000 8.739077
70 0.000092 0.007758 800.000000 8.281573
80 0.000186 0.010335 100.000000 9.174312
80 0.000253 0.015121 200.000000 8.130081
80 0.000205 0.020642 300.000000 8.287292
80 0.000172 0.024036 400.000000 8.492569
80 0.000139 0.021649 500.000000 7.911392
80 0.000110 0.019733 600.000000 8.438819
80 0.000090 0.016830 700.000000 8.695652
80 0.000096 0.007645 800.000000 8.290155
90 0.000405 0.012267 100.000000 8.928572
90 0.000252 0.018611 200.000000 8.032128
90 0.000185 0.025109 300.000000 8.264462
90 0.000177 0.027252 400.000000 8.438819
90 0.000135 0.025451 500.000000 7.923930
90 0.000115 0.023078 600.000000 8.474576
90 0.000094 0.018912 700.000000 8.663366
90 0.000095 0.008975 800.000000 8.281573
100 0.000370 0.013011 100.000000 8.695652
100 0.000247 0.018397 200.000000 7.936508
100 0.000174 0.024619 300.000000 8.264462
100 0.000170 0.025360 400.000000 8.368201
100 0.000133 0.024070 500.000000 7.936508
100 0.000113 0.021526 600.000000 8.522727
100 0.000088 0.016773 700.000000 8.641975
100 0.000090 0.007268 800.000000 8.273009
110 0.000456 0.013019 100.000000 8.403361
110 0.000279 0.019100 200.000000 7.874016
110 0.000182 0.026349 300.000000 8.264462
110 0.000172 0.026108 400.000000 8.316009
110 0.000141 0.025272 500.000000 7.949126
110 0.000120 0.022512 600.000000 8.559201
110 0.000109 0.016867 700.000000 8.641975
110 0.000093 0.006880 800.000000 8.273009
120 0.000456 0.013267 100.000000 8.064516
120 0.000282 0.018608 200.000000 7.843137
120 0.000179 0.025738 300.000000 8.264462
120 0.000151 0.024328 400.000000 8.264462
120 0.000135 0.023967 500.000000 7.974482
120 0.000119 0.021384 600.000000 8.608321
120 0.000117 0.015267 700.000000 8.641975
120 0.000091 0.005655 800.000000 8.273009
130 0.000451 0.014577 100.000000 7.812500
130 0.000254 0.018202 200.000000 7.782101
130 0.000169 0.024542 300.000000 8.287292
130 0.000147 0.021781 400.000000 8.113590
130 0.000118 0.022268 500.000000 8.000000
130 0.000114 0.020184 600.000000 8.658009
130 0.000112 0.013875 700.000000 8.652658
130 0.000087 0.005047 800.000000 8.255934
140 0.000516 0.012417 100.000000 7.575758
140 0.000257 0.014786 200.000000 7.782101
140 0.000178 0.021001 300.000000 8.310249
140 0.000143 0.017198 400.000000 7.677543
140 0.000119 0.018016 500.000000 8.038586
140 0.000114 0.016303 600.000000 8.695652
140 0.000111 0.010010 700.000000 8.641975
140 0.000087 0.003983 800.000000 8.188332
150 0.000452 0.013425 100.000000 7.462687
150 0.000226 0.015208 200.000000 7.751938
150 0.000181 0.020348 300.000000 8.333333
150 0.000141 0.016373 400.000000 7.604563
150 0.000110 0.016768 500.000000 8.090615
150 0.000110 0.015794 600.000000 8.733624
150 0.000099 0.009145 700.000000 8.536586
150 0.000082 0.004179 800.000000 7.662835
160 0.000452 0.014241 100.000000 7.352941
160 0.000240 0.015977 200.000000 7.782101
160 0.000188 0.020874 300.000000 8.356546
160 0.000142 0.017159 400.000000 7.575758
160 0.000109 0.017430 500.000000 8.130081
160 0.000109 0.016861 600.000000 8.759124
160 0.000097 0.009337 700.000000 8.206330
170 0.000456 0.016556 100.000000 7.299270
170 0.000224 0.018823 200.000000 7.812500
170 0.000187 0.022358 300.000000 8.333333
170 0.000148 0.018670 400.000000 7.575758
170 0.000112 0.018313 500.000000 8.183306
170 0.000105 0.017647 600.000000 8.708273
170 0.000098 0.008933 700.000000 8.158508
180 0.000410 0.016392 100.000000 7.246377
180 0.000251 0.019333 200.000000 7.843137
180 0.000195 0.021987 300.000000 8.287292
180 0.000152 0.018520 400.000000 7.604563
180 0.000115 0.017699 500.000000 8.237232
180 0.000102 0.016794 600.000000 8.633094
180 0.000102 0.008074 700.000000 8.149011
190 0.000336 0.012752 100.000000 7.194244
190 0.000227 0.015773 200.000000 7.874016
190 0.000180 0.017289 300.000000 8.264462
190 0.000137 0.015726 400.000000 7.633588
190 0.000108 0.015835 500.000000 8.305648
190 0.000086 0.015490 600.000000 8.595988
190 0.000099 0.008521 700.000000 8.158508
200 0.000175 0.008848 100.000000 7.194244
200 0.000170 0.009303 200.000000 7.905138
200 0.000167 0.010436 300.000000 8.264462
200 0.000104 0.012612 400.000000 7.677543
200 0.000086 0.014204 500.000000 8.375210
200 0.000067 0.014967 600.000000 8.595988
200 0.000079 0.010124 700.000000 8.177570
210 0.000179 0.009866 100.000000 7.246377
210 0.000161 0.008554 200.000000 7.968128
210 0.000154 0.009395 300.000000 8.241758
210 0.000096 0.011895 400.000000 7.722008
210 0.000081 0.013290 500.000000 8.445946
210 0.000063 0.013587 600.000000 8.608321
210 0.000076 0.009651 700.000000 8.196721
220 0.000196 0.010961 100.000000 7.299270
220 0.000166 0.009686 200.000000 8.064516
220 0.000150 0.010990 300.000000 8.241758
220 0.000090 0.013983 400.000000 7.766990
220 0.000087 0.015459 500.000000 8.517887
220 0.000067 0.014917 600.000000 8.633094
220 0.000075 0.010683 700.000000 8.225616
230 0.000165 0.012207 100.000000 7.352941
230 0.000138 0.010151 200.000000 8.163265
230 0.000130 0.011333 300.000000 8.264462
230 0.000083 0.014120 400.000000 7.827789
230 0.000081 0.015574 500.000000 8.591065
230 0.000073 0.014306 600.000000 8.670520
230 0.000072 0.009964 700.000000 8.244994
240 0.000167 0.011683 100.000000 7.462687
240 0.000132 0.010644 200.000000 8.298756
240 0.000117 0.011239 300.000000 8.287292
240 0.000084 0.014427 400.000000 7.905138
240 0.000083 0.016036 500.000000 8.680555
240 0.000073 0.014063 600.000000 8.720930
240 0.000071 0.009261 700.000000 8.274232
250 0.000164 0.013474 100.000000 7.633588
250 0.000125 0.011403 200.000000 8.438819
250 0.000112 0.012756 300.000000 8.287292
250 0.000078 0.015752 400.000000 7.984032
250 0.000083 0.017273 500.000000 8.771930
250 0.000078 0.014662 600.000000 8.771930
250 0.000071 0.009982 700.000000 8.303678
260 0.000166 0.014743 100.000000 7.751938
260 0.000111 0.011769 200.000000 8.547009
260 0.000098 0.013674 300.000000 8.021390
260 0.000074 0.016438 400.000000 8.064516
260 0.000081 0.017965 500.000000 8.849558
260 0.000071 0.014534 600.000000 8.810573
260 0.000071 0.009657 700.000000 8.313540
270 0.000155 0.014191 100.000000 7.874016
270 0.000091 0.011035 200.000000 8.658009
270 0.000076 0.012725 300.000000 7.692307
270 0.000071 0.015422 400.000000 8.130081
270 0.000080 0.017147 500.000000 8.928572
270 0.000066 0.013108 600.000000 8.823529
270 0.000066 0.008452 700.000000 8.264462
280 0.000194 0.016449 100.000000 7.936508
280 0.000115 0.013113 200.000000 8.771930
280 0.000082 0.015812 300.000000 7.614213
280 0.000075 0.017304 400.000000 8.213552
280 0.000081 0.018840 500.000000 9.009009
280 0.000066 0.013825 600.000000 8.784773
280 0.000084 0.009266 700.000000 7.803791
290 0.000227 0.016102 100.000000 8.064516
290 0.000150 0.013418 200.000000 8.849558
290 0.000083 0.015089 300.000000 7.614213
290 0.000079 0.017496 400.000000 8.281573
290 0.000085 0.019397 500.000000 9.057971
290 0.000074 0.013679 600.000000 8.403361
300 0.000252 0.011564 100.000000 8.196721
300 0.000132 0.013425 200.000000 8.928572
300 0.000077 0.014899 300.000000 7.633588
300 0.000081 0.017727 400.000000 8.368201
300 0.000086 0.019910 500.000000 9.074410
300 0.000072 0.013079 600.000000 8.321775
310 0.000238 0.009132 100.000000 8.333333
310 0.000136 0.012205 200.000000 8.888889
310 0.000088 0.013505 300.000000 7.672634
310 0.000080 0.016484 400.000000 8.456659
310 0.000081 0.019008 500.000000 9.009009
310 0.000071 0.011529 600.000000 8.310249
320 0.000237 0.008557 100.000000 8.474576
320 0.000146 0.011224 200.000000 8.849558
320 0.000092 0.013452 300.000000 7.731959
320 0.000080 0.015980 400.000000 8.547009
320 0.000072 0.017838 500.000000 8.944544
320 0.000075 0.010855 600.000000 8.321775
330 0.000244 0.009170 100.000000 8.620689
330 0.000156 0.011256 200.000000 8.849558
330 0.000086 0.014619 300.000000 7.772021
330 0.000080 0.016575 400.000000 8.620689
330 0.000061 0.017475 500.000000 8.912656
330 0.000075 0.010756 600.000000 8.333333
340 0.000229 0.009358 100.000000 8.695652
340 0.000172 0.009658 200.000000 8.849558
340 0.000092 0.013145 300.000000 7.832898
340 0.000081 0.014899 400.000000 8.714597
340 0.000055 0.015268 500.000000 8.912656
340 0.000069 0.009395 600.000000 8.356546
350 0.000191 0.007834 100.000000 8.849558
350 0.000159 0.007566 200.000000 8.771930
350 0.000078 0.010500 300.000000 7.894737
350 0.000076 0.012228 400.000000 8.810573
350 0.000046 0.012060 500.000000 8.928572
350 0.000064 0.007431 600.000000 8.368201
360 0.000172 0.005644 100.000000 8.928572
360 0.000166 0.007766 200.000000 8.771930
360 0.000067 0.009582 300.000000 7.936508
360 0.000069 0.010769 400.000000 8.888889
360 0.000052 0.010213 500.000000 8.960573
360 0.000061 0.006782 600.000000 8.391608
370 0.000160 0.004657 100.000000 9.090909
370 0.000133 0.007848 200.000000 8.733624
370 0.000062 0.009103 300.000000 8.000000
370 0.000069 0.010279 400.000000 8.988764
370 0.000057 0.009355 500.000000 8.976661
370 0.000061 0.006649 600.000000 8.403361
380 0.000141 0.003632 100.000000 9.259259
380 0.000123 0.008846 200.000000 8.620689
380 0.000051 0.008732 300.000000 8.086253
380 0.000066 0.009563 400.000000 9.070294
380 0.000063 0.008279 500.000000 9.009009
380 0.000059 0.006467 600.000000 8.415147
390 0.000129 0.004327 100.000000 9.433962
390 0.000094 0.008212 200.000000 7.843137
390 0.000045 0.006831 300.000000 8.152174
390 0.000062 0.007692 400.000000 9.174312
390 0.000056 0.006514 500.000000 9.025270
390 0.000058 0.005759 600.000000 8.379889
400 0.000153 0.006579 100.000000 9.615385
400 0.000075 0.007775 200.000000 7.462687
400 0.000041 0.005768 300.000000 8.241758
400 0.000060 0.006353 400.000000 9.237875
400 0.000059 0.005385 500.000000 9.009009
400 0.000059 0.005812 600.000000 8.241758
410 0.000249 0.010347 100.000000 9.708738
410 0.000066 0.008722 200.000000 7.380074
410 0.000032 0.004811 300.000000 8.310249
410 0.000054 0.003699 400.000000 9.302325
410 0.000047 0.004345 500.000000 8.650519
420 0.000294 0.011091 100.000000 9.615385
420 0.000082 0.008364 200.000000 7.352941
420 0.000035 0.003887 300.000000 8.379889
420 0.000053 0.001999 400.000000 9.280743
420 0.000055 0.003909 500.000000 8.319468
430 0.000309 0.014454 100.000000 9.345795
430 0.000088 0.011488 200.000000 7.352941
430 0.000027 0.006775 300.000000 8.474576
430 0.000042 0.004193 400.000000 9.132421
430 0.000053 0.005428 500.000000 8.278146
440 0.000304 0.017521 100.000000 9.090909
440 0.000062 0.010690 200.000000 7.380074
440 0.000038 0.004682 300.000000 8.547009
440 0.000024 0.001244 400.000000 9.009009
440 0.000043 0.003386 500.000000 8.264462
450 0.000333 0.018926 100.000000 8.928572
450 0.000048 0.009764 200.000000 7.407407
450 0.000044 0.004154 300.000000 8.645534
450 0.000024 0.001669 400.000000 8.948545
450 0.000040 0.003547 500.000000 8.264462
460 0.000301 0.018604 100.000000 8.695652
460 0.000070 0.008008 200.000000 7.434944
460 0.000053 0.003383 300.000000 8.746356
460 0.000035 0.001580 400.000000 8.928572
460 0.000042 0.003543 500.000000 8.264462
470 0.000274 0.016310 100.000000 8.474576
470 0.000101 0.005327 200.000000 7.462687
470 0.000075 0.005721 300.000000 8.823529
470 0.000049 0.004636 400.000000 8.928572
470 0.000047 0.001953 500.000000 8.264462
480 0.000163 0.013337 100.000000 8.196721
480 0.000104 0.004820 200.000000 7.518797
480 0.000089 0.007652 300.000000 8.928572
480 0.000063 0.005900 400.000000 8.928572
480 0.000052 0.002457 500.000000 8.250825
490 0.000121 0.009164 100.000000 7.575758
490 0.000090 0.005162 200.000000 7.575758
490 0.000089 0.009057 300.000000 9.009009
490 0.000069 0.006907 400.000000 8.908686
490 0.000059 0.003967 500.000000 8.223684
500 0.000048 0.005491 100.000000 6.172840
500 0.000093 0.008715 200.000000 7.633588
500 0.000098 0.012723 300.000000 9.090909
500 0.000066 0.008472 400.000000 8.869180
500 0.000059 0.005423 500.000000 8.077544
510 0.000110 0.006285 100.000000 5.917160
510 0.000142 0.015321 200.000000 7.692307
510 0.000120 0.020720 300.000000 9.146341
510 0.000067 0.012519 400.000000 8.547009
520 0.000231 0.013973 100.000000 5.882353
520 0.000186 0.023355 200.000000 7.812500
520 0.000140 0.028616 300.000000 9.146341
520 0.000077 0.015465 400.000000 8.048289
530 0.000220 0.013818 100.000000 5.952381
530 0.000178 0.022827 200.000000 7.968128
530 0.000134 0.027861 300.000000 9.090909
530 0.000078 0.013843 400.000000 8.016032
540 0.000231 0.016393 100.000000 6.060606
540 0.000188 0.025294 200.000000 8.130081
540 0.000131 0.029779 300.000000 8.982036
540 0.000089 0.014549 400.000000 8.032128
550 0.000260 0.019027 100.000000 6.134969
550 0.000198 0.027063 200.000000 8.298756
550 0.000122 0.029840 300.000000 8.928572
550 0.000094 0.015059 400.000000 8.064516
560 0.000297 0.023654 100.000000 6.250000
560 0.000211 0.031360 200.000000 8.438819
560 0.000124 0.031399 300.000000 8.928572
560 0.000095 0.015877 400.000000 8.080808
570 0.000293 0.023586 100.000000 6.410256
570 0.000201 0.029816 200.000000 8.658009
570 0.000114 0.027735 300.000000 8.955224
570 0.000086 0.013623 400.000000 8.130081
580 0.000330 0.026317 100.000000 6.535948
580 0.000211 0.032276 200.000000 8.849558
580 0.000110 0.028307 300.000000 9.009009
580 0.000091 0.014238 400.000000 8.163265
590 0.000274 0.023242 100.000000 6.666667
590 0.000183 0.027484 200.000000 9.049774
590 0.000084 0.023039 300.000000 9.063444
590 0.000081 0.011444 400.000000 8.196721
600 0.000298 0.025168 100.000000 6.849315
600 0.000189 0.028185 200.000000 9.259259
600 0.000088 0.021137 300.000000 9.146341
600 0.000077 0.009234 400.000000 8.230453
610 0.000277 0.024136 100.000000 7.092198
610 0.000180 0.026525 200.000000 9.523809
610 0.000095 0.018982 300.000000 9.259259
610 0.000072 0.008295 400.000000 8.281573
620 0.000268 0.023331 100.000000 7.462687
620 0.000169 0.025538 200.000000 9.852217
620 0.000089 0.017302 300.000000 9.404388
620 0.000070 0.007697 400.000000 8.368201
630 0.000265 0.023019 100.000000 7.936508
630 0.000164 0.024971 200.000000 10.256411
630 0.000085 0.016451 300.000000 9.646302
630 0.000066 0.007272 400.000000 8.492569
640 0.000238 0.021108 100.000000 8.547009
640 0.000154 0.022837 200.000000 10.752688
640 0.000092 0.014702 300.000000 9.900990
640 0.000068 0.006833 400.000000 8.620689
650 0.000216 0.019653 100.000000 9.174312
650 0.000150 0.021775 200.000000 11.235955
650 0.000075 0.013745 300.000000 10.135135
650 0.000066 0.006872 400.000000 8.714597
660 0.000177 0.016792 100.000000 9.803922
660 0.000136 0.019064 200.000000 11.764706
660 0.000076 0.011466 300.000000 10.344828
660 0.000064 0.006148 400.000000 8.733624
670 0.000182 0.012769 100.000000 10.416667
670 0.000121 0.017064 200.000000 12.195122
670 0.000057 0.010166 300.000000 10.380623
670 0.000073 0.006628 400.000000 8.492569
680 0.000169 0.013824 100.000000 10.989011
680 0.000123 0.017062 200.000000 12.500000
680 0.000061 0.008882 300.000000 9.677420
690 0.000168 0.012577 100.000000 11.494253
690 0.000116 0.015452 200.000000 12.578616
690 0.000067 0.007911 300.000000 9.090909
700 0.000179 0.014126 100.000000 11.904762
700 0.000114 0.017275 200.000000 12.048193
700 0.000063 0.007839 300.000000 9.009009
710 0.000165 0.011940 100.000000 12.345679
710 0.000087 0.013726 200.000000 11.494253
710 0.000070 0.006326 300.000000 8.955224
720 0.000125 0.010691 100.000000 12.820513
720 0.000042 0.010547 200.000000 11.235955
720 0.000054 0.004275 300.000000 8.902077
730 0.000107 0.007871 100.000000 13.333333
730 0.000037 0.007364 200.000000 11.049724
730 0.000064 0.004193 300.000000 8.875740
740 0.000120 0.008061 100.000000 13.698630
740 0.000069 0.007384 200.000000 10.928962
740 0.000080 0.004788 300.000000 8.823529
750 0.000119 0.006793 100.000000 14.084507
750 0.000107 0.005958 200.000000 10.810811
750 0.000085 0.004532 300.000000 8.746356
760 0.000117 0.005216 100.000000 14.285714
760 0.000099 0.004058 200.000000 10.582010
760 0.000076 0.004705 300.000000 8.426967
770 0.000121 0.004429 100.000000 14.084507
770 0.000090 0.004211 200.000000 8.928572
780 0.000105 0.004613 100.000000 12.500000
780 0.000102 0.003995 200.000000 8.032128
790 0.000064 0.003852 100.000000 10.416667
790 0.000102 0.003334 200.000000 7.812500
800 0.000074 0.004660 100.000000 9.523809
800 0.000089 0.002668 200.000000 7.633588
810 0.000217 0.004315 100.000000 9.009009
810 0.000099 0.002433 200.000000 7.462687
820 0.000229 0.006075 100.000000 8.620689
820 0.000116 0.003108 200.000000 7.272727
830 0.000207 0.006764 100.000000 8.130081
830 0.000109 0.004965 200.000000 6.825939
840 0.000149 0.008888 100.000000 6.211180
850 0.000169 0.011588 100.000000 5.813953
860 0.000147 0.011582 100.000000 5.882353
870 0.000140 0.009638 100.000000 6.024096
880 0.000138 0.011068 100.000000 6.134969
890 0.000178 0.010584 100.000000 6.211180
900 0.000167 0.010351 100.000000 6.289308
910 0.000186 0.012136 100.000000 6.329114
920 0.000212 0.009233 100.000000 6.329114
930 0.000219 0.009469 100.000000 6.289308
940 0.000185 0.008939 100.000000 6.172840
950 0.000220 0.009270 100.000000 5.882353
960 0.000348 0.010873 100.000000 5.128205
970 0.000348 0.010924 100.000000 4.405286
